1.txt
10	10111100	8
13	100101	6
32	110	3
33	10011111000	11
34	10011100	8
39	1110	4
40	11110	5
41	10011111001	11
44	11111111110000	14
45	10011101	8
46	1111111111011	13
48	1111110	7
49	11111110	8
50	111111110	9
51	1111111110	10
52	10011111101110	14
53	10011111101111	14
54	11111111110001	14
55	1111111111001010	16
56	111110110101110	15
58	1111101101010	13
59	01111011111010	14
63	01111011111110	14
65	111111111110	12
66	101110	6
67	101100	6
68	1111111111110	13
69	1011010	7
70	11111111111110	14
71	111111111111110	15
72	10110110	8
73	10011110	8
74	1001111110110	13
75	100111111010	12
76	1001111101	10
77	111111111100110	15
78	1111111111001011	16
79	111111111100100	15
80	111111111100111	15
81	111110110101111	15
82	11111011010110	14
83	111110110100	12
84	111110110111	12
85	01111011111011	14
86	0111101111100	13
87	0111101111110	13
88	01111011111111	14
89	01111010	8
90	011110110	9
91	0111101110	10
93	01111011110	11
97	1000	4
98	0111100	7
99	101101111	9
100	111111111111111	15
101	000	3
102	011111	6
103	100110	6
104	0011	4
105	0100	4
106	111110110110	12
107	1111101100	10
108	01110	5
109	101101110	9
110	0101	4
111	0110	4
112	111110111	9
113	10011111100	11
114	1111100	7
115	0010	4
116	1010	4
117	11111010	8
118	1111111111010	13
119	1011111	7
120	1001111111	10
121	100100	6
122	10111101	8
10.cgm
-128	1110100110	10
-127	00000001100	11
-126	1111110101	10
-125	00000001101	11
-124	10100001	8
-123	10101001111110	14
-122	110100000	9
-121	00000001111111	14
-120	010111011110	12
-119	111110111010	12
-118	1101000110	10
-116	010110010	9
-115	10101001111111	14
-114	110111110	9
-113	110100001	9
-112	111101001	9
-111	0000000111110	13
-110	000100100	9
-109	010111011111	12
-108	11111011110	11
-107	111110111011	12
-106	00111011	8
-105	1101000111	10
-104	000000110	9
-103	010110011	9
-102	101010010	9
-101	1010100111110	13
-100	01100111	8
-98	110111111	9
-97	0011100100	10
-96	0011100110	10
-95	011000111110	12
-94	01110101	8
-93	000000011110	12
-92	100011110	9
-91	000100101	9
-90	100001001	9
-89	11110100010	11
-88	100101111	9
-87	11111011111	11
-86	01101001	8
-85	11111011100	11
-84	00101001	8
-82	011111001	9
-81	011111000	9
-80	010010000	9
-78	010010010	9
-77	1001101000	10
-76	111010110	9
-75	0000001110	10
-74	00100101	8
-72	100011011	9
-70	00110101	8
-68	001001001	9
-67	101010011100	12
-66	001010111	9
-65	001010110	9
-64	01100110	8
-63	001010100	9
-62	00111000	8
-61	0011100101	10
-60	001010101	9
-59	0011100111	10
-58	011000110	9
-57	01100011110	11
-56	1001010011	10
-54	0101010	7
-53	00010011	8
-52	00110011	8
-51	100011111	9
-50	1110111111	10
-49	0111001111	10
-48	10001110	8
-47	110110110	9
-46	100001101	9
-45	110101001	9
-44	1000101	7
-43	111101011	9
-42	100000011	9
-41	111110110	9
-40	0011011	7
-39	00111010	8
-38	11101110	8
-37	00101000	8
-36	11111010	8
-35	110100010	9
-34	01101000	8
-33	100111100	9
-32	0010110	7
-31	101011	6
-30	100111101	9
-29	010010001	9
-28	01111101	8
-27	010010011	9
-26	11100011	8
-25	1001101010	10
-24	11100001	8
-23	111010111	9
-22	1011010011	10
-21	0110010	7
-20	0111000	7
-19	10010101	8
-18	11111100	8
-17	1010010	7
-16	1011100	7
-15	0001000	7
-14	010011	6
-13	0111101	7
-12	11111111	8
-11	11011110	8
-10	1001001	7
-9	11010101	8
-8	0101101	7
-7	0110000	7
-6	1110110	7
-5	0011000	7
-4	001111	6
-3	10101000	8
-2	1111011	7
-1	01000	5
0	1100	4
1	000011	6
2	000001	6
3	1001000	7
4	000101	6
5	1010011	7
6	1101110	7
7	11111110	8
8	1001100	7
9	10001100	8
10	1011001	7
11	11011010	8
12	0110110	7
13	1011111	7
14	1010001	7
15	1010101	7
16	000010	6
17	0010011	7
18	0111111	7
19	11100000	8
20	111001	6
21	0101011	7
22	0110111	7
23	10100000	8
24	1011011	7
25	0010000	7
26	1111100	7
27	0111011	7
28	010100	6
29	1011000	7
30	1101011	7
31	1101001	7
32	1001110	7
33	10110101	8
34	1000001	7
35	10010110	8
36	1101100	7
37	11101010110	11
38	11101010111	11
39	100101000	9
40	11101000	8
41	111010100	9
42	101101000	9
43	1011010010	10
44	10111010	8
45	1110101010	10
46	101110111	9
47	100000010	9
48	111101010	9
49	100101110	9
50	01100010	8
51	100010000	9
52	01110010	8
53	100010010	9
54	01001010	8
55	100001100	9
56	01111000	8
57	1000100010	10
58	111011110	9
59	1110111110	10
60	10000111	8
61	1001010010	10
62	01101010	8
63	111010010	9
64	00011	5
65	01011110	8
66	00110010	8
67	100011010	9
68	00000000	8
69	10001000110	11
70	10111101	8
71	1001101011	10
72	00000010	8
73	100001000	9
74	00110100	8
75	010110000	9
76	00100010	8
77	010111010	9
78	01111001	8
79	010010110	9
80	11100010	8
81	011010110	9
82	111100	6
83	101110110	9
84	10000101	8
85	1001101001	10
86	01011100	8
87	0000001111	10
88	00101111	8
89	0101110110	10
90	110110111	9
91	0100101110	10
92	10011111	8
93	001000110	9
94	01011111	8
95	0110001110	10
96	111111011	9
97	011000111111	12
98	10000000	8
99	01001011110	11
100	011100110	9
101	0111001110	10
102	10001000111	11
103	001001000	9
104	10111100	8
105	01011101110	11
106	011010111	9
107	1010100110	10
108	010110001	9
109	101010011110	12
110	01001011111	11
111	101010011101	12
112	100010011	9
113	1111110100	10
114	001000111	9
115	11110100011	11
116	110101000	9
117	11110100000	11
118	00101110	8
120	11110100001	11
121	00000001110	11
122	01110100	8
124	10011011	8
125	00000001111110	14
126	000000010	9
127	1110100111	10
11.g3f
-128	110100	6
-127	0110111	7
-126	110111001	9
-125	01000110	8
-124	10101011	8
-123	110001001	9
-122	100010001	9
-121	01000111	8
-120	110110000	9
-119	100111011	9
-118	1111101100	10
-117	010110000	9
-116	01000001	8
-115	1000100111	10
-114	010010111	9
-113	0111101110	10
-112	10000110	8
-111	100010101	9
-110	110110001	9
-109	0110101000	10
-108	011010110	9
-107	100111000	9
-106	1111101101	10
-105	1100001010	10
-104	010110001	9
-103	11011111101	11
-102	11011111100	11
-101	110001011111	12
-100	01001111	8
-99	10110100100	11
-98	011101111100	12
-97	0111101111	10
-96	0000000	7
-95	10000111	8
-94	01000100	8
-93	011110100	9
-92	010111000	9
-91	01011101110	11
-90	010111011110	12
-89	0110101001	10
-88	0101111	7
-87	011010111	9
-86	111110100	9
-85	100111001	9
-84	1100011110	10
-83	10110110110	11
-82	111110111010	12
-81	1100001011	10
-80	101100	6
-79	1100001101	10
-78	010011011	9
-77	1101101100	10
-76	1101111111	10
-75	1001000110	10
-74	10011011110	11
-73	100110000110	12
-72	100110001	9
-71	11111001110	11
-70	11111001010	11
-69	10110100101	11
-68	01100101000	11
-66	01110111100	11
-65	011101111101	12
-64	10100	5
-63	011110110	9
-62	0000001	7
-61	11000110	8
-60	011010010	9
-59	011010011	9
-58	01101000	8
-57	01000101	8
-56	10101010	8
-55	011110101	9
-54	10001011	8
-53	010111001	9
-52	010111010	9
-51	0101110110	10
-50	100010100	9
-49	010111011111	12
-48	10110111	8
-47	01101010111	11
-46	1111101010	10
-45	11111010110	11
-44	11011001	8
-43	11111010111	11
-42	0110101010	10
-41	01101010110	11
-40	1100011100	10
-39	1100011101	10
-38	100111010	9
-37	1100011111	10
-36	10110110111	11
-35	1011011010	10
-34	111110111011	12
-33	11111011100	11
-32	0100100111	10
-31	110000011111	12
-30	101101100	9
-29	1111101111	10
-28	110111101	9
-27	01001001100	11
-26	011100011111	12
-25	011100011110	12
-24	100100010	9
-23	1101101101	10
-22	011111111	9
-21	011001110	9
-20	1001101110	10
-19	1001000111	10
-18	1001111100	10
-17	10011011111	11
-16	1111010001111	13
-15	100110000111	12
-13	11000101010	11
-12	11000101011	11
-11	1111100110	10
-10	11111001111	11
-8	1111100100	10
-7	11111001011	11
-6	011101111110	12
-5	011101111111	12
-4	0110010101	10
-3	01100101001	11
-2	01110111101	11
0	001	3
1	11100	5
2	111111	6
3	00001	5
4	0110110	7
5	111010	6
6	00010	5
7	10010100	8
8	11000000	8
9	10011110	8
10	11110101	8
11	110011	6
12	01010	5
13	11011010	8
14	01110000	8
15	01001000	8
16	0111001	7
17	01001010	8
18	10011010	8
19	10001100	8
20	11011101	8
21	10010000	8
22	110010	6
23	10000000	8
24	00011	5
25	10001110	8
26	01111100	8
27	01110110	8
28	10000100	8
29	01100100	8
30	111101110	9
31	100110010	9
32	0111010	7
33	111101111	9
34	011111010	9
35	011101110	9
36	101101000	9
37	011001011	9
38	100110011	9
39	1011010011	10
40	10000101	8
41	010000110	9
42	0000010	7
43	010000111	9
44	101011	6
45	011111011	9
46	01000010	8
47	010010110	9
48	111011	6
49	01111110	8
50	10000010	8
51	110111110	9
52	01100000	8
53	100011010	9
54	01001100	8
55	011100010	9
56	01100110	8
57	110000010	9
58	100000010	9
59	100110110	9
60	1000110110	10
61	010010010	9
62	011111110	9
63	1100000110	10
64	1010100	7
65	0000011	7
66	100000011	9
67	110111100	9
68	1000110111	10
69	110000111	9
70	11000001110	11
71	011001111	9
72	100111111	9
73	1001111101	10
74	110110111	9
75	100011110	9
76	100011111	9
77	01001001101	11
78	111110001	9
79	01110001110	11
80	0111100	7
81	10110101	8
82	0111000110	10
83	010011010	9
84	10010101	8
85	01100001	8
86	110000100	9
87	110000011110	12
88	111100	6
89	01011001	8
90	111110000	9
91	1100001100	10
92	01000000	8
93	110001000	9
94	100101100	9
95	1001011010	10
96	10111	5
97	01011011	8
98	01011010	8
99	01100010	8
100	10010111	8
101	111101001	9
102	1001100000	10
103	010011101	9
104	1001011011	10
105	0100111001	10
106	10000011	8
107	1111010000	10
108	100100110	9
109	100100111	9
110	1100010100	10
111	0100111000	10
112	01100011	8
113	111101100	9
114	111101101	9
115	11110100010	11
116	1100010110	10
117	10010010	8
118	111101000110	12
119	1111010001110	13
120	11000101110	11
121	10011000010	11
122	100010010	9
123	110001011110	12
124	1000100110	10
125	100010000	9
126	110111000	9
127	110101	6
12.gif
-128	010001010	9
-127	010010101	9
-126	110011000	9
-125	100000010	9
-124	111101001	9
-123	101111000	9
-122	110011001	9
-121	100000011	9
-120	100100011	9
-119	01010001	8
-118	110111001	9
-117	101111001	9
-116	10000111	8
-115	00001011	8
-114	111100001	9
-113	1111010001	10
-112	10001100	8
-111	11110001	8
-110	10110011	8
-109	111011101	9
-108	11101111	8
-107	00110010	8
-106	0001101	7
-105	10010010	8
-104	10110101	8
-103	0001011	7
-102	0011101	7
-101	10111010	8
-100	111100000	9
-99	111101111	9
-98	00110111	8
-97	1111100011	10
-96	01001011	8
-95	10001101	8
-94	11001110	8
-93	001011110	9
-92	001011111	9
-91	110101101	9
-90	110101100	9
-89	100010010	9
-88	100010011	9
-87	00111100	8
-86	00111101	8
-85	00110011	8
-84	00011110	8
-83	00011100	8
-82	00101000	8
-81	10010011	8
-80	110101011	9
-79	111101010	9
-78	111100111	9
-77	1010101110	10
-76	11010000	8
-75	111110110	9
-74	111110111	9
-73	10111011	8
-72	11001010	8
-71	00110101	8
-70	11011101	8
-69	101010010	9
-68	111001111	9
-67	100000000	9
-66	110100101	9
-65	000100010	9
-64	000100011	9
-63	111000000	9
-62	1011000010	10
-61	00100110	8
-60	10011011	8
-59	11001111	8
-58	01001110	8
-57	10011101	8
-56	110111100	9
-55	00101110	8
-54	0000010	7
-53	11111101	8
-52	10111110	8
-51	11010111	8
-50	01010010	8
-49	111111101	9
-48	00100101	8
-47	10010101	8
-46	001100011	9
-45	11000110	8
-44	11011001	8
-43	11000111	8
-42	0101110	7
-41	0101111	7
-40	00011111	8
-39	0001100	7
-38	11100100	8
-37	00011101	8
-36	10101100	8
-35	00101001	8
-34	10101101	8
-33	110101010	9
-32	11101011	8
-31	11101010	8
-30	11010100	8
-29	111101011	9
-28	001111111	9
-27	100011111	9
-26	110010011	9
-25	1010101111	10
-24	111011010	9
-23	11101100	8
-22	11010001	8
-21	10101010	8
-20	00111000	8
-19	111011011	9
-18	00111001	8
-17	01000000	8
-16	01000001	8
-15	11110110	8
-14	11001011	8
-13	111100100	9
-12	10010111	8
-11	00000010	8
-10	00000011	8
-9	101010011	9
-8	111001101	9
-7	0100001	7
-6	00110110	8
-5	100000001	9
-4	110100100	9
-3	0010000	7
-2	1100000	7
-1	10100	5
0	011	3
1	10110001	8
2	01010101	8
3	111000001	9
4	111101110	9
5	101100000	9
6	1011000011	10
7	00100111	8
8	10011010	8
9	101101111	9
10	00001100	8
11	00000110	8
12	00000111	8
13	10110010	8
14	01001111	8
15	110000110	9
16	110000111	9
17	11000010	8
18	110111101	9
19	0001001	7
20	10011100	8
21	11011111	8
22	11111100	8
23	11011000	8
24	11100010	8
25	11111010	8
26	10111111	8
27	01011001	8
28	01011000	8
29	11000100	8
30	01010011	8
31	100001011	9
32	000011111	9
33	111111110	9
34	10101111	8
35	1011100010	10
36	1011100011	10
37	110110101	9
38	0100011111	10
39	111110010	9
40	01001000	8
41	10101000	8
42	10010000	8
43	01000110	8
44	10000100	8
45	00001110	8
46	100001010	9
47	000011110	9
48	111111100	9
49	10111001	8
50	110001010	9
51	101110000	9
52	110001011	9
53	10010100	8
54	10000010	8
55	10000011	8
56	00110000	8
57	111111111	9
58	00100100	8
59	10001000	8
60	110110100	9
61	010001110	9
62	0100011110	10
63	001100010	9
64	101011100	9
65	101011101	9
66	111011100	9
67	01010000	8
68	10110110	8
69	00001101	8
70	101101110	9
71	00101011	8
72	001111110	9
73	00000001	8
74	00101100	8
75	110010010	9
76	00010101	8
77	10011000	8
78	100011100	9
79	101010110	9
80	00110100	8
81	10011110	8
82	00000000	8
83	00101010	8
84	00111110	8
85	00101101	8
86	11011011	8
87	11101000	8
88	10011001	8
89	11100101	8
90	00010100	8
91	111010010	9
92	100011101	9
93	111010011	9
94	100011110	9
95	111100110	9
96	11001101	8
97	0000100	7
98	10000110	8
99	110111000	9
100	111110000	9
101	01010100	8
102	01000100	8
103	10010110	8
104	111100101	9
105	0100110	7
106	11100001	8
107	1000101	7
108	01001001	8
109	0101011	7
110	11001000	8
111	11010011	8
112	111001100	9
113	111110011	9
114	111001110	9
115	00010000	8
116	10111101	8
117	10110100	8
118	10011111	8
119	11100011	8
120	00001010	8
121	0101101	7
122	100100010	9
123	1111100010	10
124	1111010000	10
125	0010001	7
126	010010100	9
127	010001011	9
13.jpg
-128	00101000	8
-127	01100011	8
-126	10010011	8
-125	00001100	8
-124	00010101	8
-123	00001010	8
-122	01001010	8
-121	00001101	8
-120	10000101	8
-119	01100000	8
-118	01111110	8
-117	00001011	8
-116	00101111	8
-115	01000001	8
-114	10010110	8
-113	01100001	8
-112	10001001	8
-111	10100000	8
-110	11110010	8
-109	11101111	8
-108	10000011	8
-107	11100010	8
-106	10111111	8
-105	111100010	9
-104	00101100	8
-103	00111100	8
-102	01010101	8
-101	01011010	8
-100	01001001	8
-99	10010111	8
-98	10011000	8
-97	111001110	9
-96	00110011	8
-95	10110111	8
-94	01011100	8
-93	10100001	8
-92	11110111	8
-91	11010010	8
-90	11110011	8
-89	01001100	8
-88	11010111	8
-87	11000101	8
-86	11101010	8
-85	11000001	8
-84	11100011	8
-83	10011101	8
-82	01100100	8
-81	111110100	9
-80	111100011	9
-79	00101101	8
-78	10111011	8
-77	01001011	8
-76	11011111	8
-75	10001100	8
-74	01000110	8
-73	01011011	8
-72	00011110	8
-71	00100111	8
-70	11001001	8
-69	00000100	8
-68	10000000	8
-67	10011001	8
-66	111110011	9
-65	111001111	9
-64	01111111	8
-63	00001000	8
-62	00001001	8
-61	00111000	8
-60	00111001	8
-59	01011101	8
-58	01100110	8
-57	11011010	8
-56	01000100	8
-55	00111010	8
-54	11010101	8
-53	11100100	8
-52	11010011	8
-51	00001111	8
-50	00001110	8
-49	01001101	8
-48	01110111	8
-47	01110000	8
-46	01110001	8
-45	01101011	8
-44	11011110	8
-43	11110000	8
-42	11101011	8
-41	00010001	8
-40	00010000	8
-39	01101000	8
-38	11000000	8
-37	11000011	8
-36	00110000	8
-35	01100101	8
-34	01111010	8
-33	111110101	9
-32	00111101	8
-31	00110101	8
-30	01101110	8
-29	00110111	8
-28	01000011	8
-27	01110101	8
-26	01110100	8
-25	00000001	8
-24	00000000	8
-23	10101000	8
-22	10101001	8
-21	10010101	8
-20	10001101	8
-19	10001110	8
-18	01000111	8
-17	00010111	8
-16	00010110	8
-15	00011111	8
-14	01011000	8
-13	00010010	8
-12	00100011	8
-11	10100100	8
-10	10100101	8
-9	10000010	8
-8	00000101	8
-7	10011010	8
-6	10000001	8
-5	10000111	8
-4	111110010	9
-3	00101011	8
-2	00101010	8
-1	00110010	8
0	1111110	7
1	10011011	8
2	11100110	8
3	11111011	8
4	11100001	8
5	10010010	8
6	00100101	8
7	10011111	8
8	10110101	8
9	10101110	8
10	11110100	8
11	00011010	8
12	01101101	8
13	01100111	8
14	01101100	8
15	11101100	8
16	0010000	7
17	01000101	8
18	10111110	8
19	00111011	8
20	11010100	8
21	11101110	8
22	10011110	8
23	10001010	8
24	10110100	8
25	10101111	8
26	10001011	8
27	10110110	8
28	10100010	8
29	10000110	8
30	10100011	8
31	01110110	8
32	11010110	8
33	11001110	8
34	10010100	8
35	11111000	8
36	11100101	8
37	11011100	8
38	10010000	8
39	00011101	8
40	01110011	8
41	10010001	8
42	0000011	7
43	01110010	8
44	00011100	8
45	01101010	8
46	11000100	8
47	10100110	8
48	10111100	8
49	11001010	8
50	11000110	8
51	01101001	8
52	11100000	8
53	10001111	8
54	01010100	8
55	01111100	8
56	01111101	8
57	11000010	8
58	00110001	8
59	01011110	8
60	01011111	8
61	10011100	8
62	01111011	8
63	01010011	8
64	00011001	8
65	11110110	8
66	00110110	8
67	00111111	8
68	00111110	8
69	10111000	8
70	10101011	8
71	11101101	8
72	11000111	8
73	11001101	8
74	11011000	8
75	01001110	8
76	01001111	8
77	11011101	8
78	10111101	8
79	01010110	8
80	01010001	8
81	11111111	8
82	0000001	7
83	10100111	8
84	11111110	8
85	11101001	8
86	11001100	8
87	00011011	8
88	11010001	8
89	10110000	8
90	11011011	8
91	11010000	8
92	00100010	8
93	10101100	8
94	00100110	8
95	01001000	8
96	01000000	8
97	01010000	8
98	01000010	8
99	11001011	8
100	00110100	8
101	10111010	8
102	01010010	8
103	00010011	8
104	11011001	8
105	11001111	8
106	11110101	8
107	01010111	8
108	00101110	8
109	11001000	8
110	10110011	8
111	00011000	8
112	01101111	8
113	10110010	8
114	10111001	8
115	10001000	8
116	01011001	8
117	10110001	8
118	10101101	8
119	00100100	8
120	10101010	8
121	11101000	8
122	10000100	8
123	01111000	8
124	00010100	8
125	01111001	8
126	01100010	8
127	00101001	8
14.png
-127	0111011010	10
-126	0111011011	10
-125	001101111	9
-122	00110010	8
-121	001110111	9
-120	000110	6
-119	001101010	9
-118	00110011	8
-117	011010011	9
-116	010101010	9
-115	001101110	9
-114	000111	6
-112	01111101	8
-111	010110110	9
-110	001101011	9
-109	100000101	9
-108	01110011111	11
-107	01010111111	11
-106	00111001	8
-105	010101011	9
-104	0111000110	10
-103	100011	6
-102	010110010	9
-101	01111100	8
-100	01111110	8
-99	011111111	9
-98	011111110	9
-97	010110111	9
-96	001001110	9
-95	001001100	9
-94	010110100	9
-93	010100101	9
-92	00110000	8
-91	0111001110	10
-90	000000111	9
-89	0110100010	10
-88	100111011	9
-87	0101111110	10
-86	110011	6
-85	0010001110	10
-84	01000101	8
-83	0111000111	10
-82	010000100	9
-81	1001010	7
-80	1000000	7
-79	010110011	9
-78	10000111110	11
-76	1001100	7
-73	10011010	8
-72	1000010	7
-71	0110000	7
-70	100100	6
-69	0100110	7
-68	0101000	7
-66	0100100	7
-65	1001111110	10
-64	1001111111	10
-63	001001111	9
-62	011100000	9
-61	001001101	9
-60	0011111	7
-59	011110100	9
-58	010110101	9
-57	0101110010	10
-56	011101011	9
-55	00110001	8
-54	01110100	8
-53	110010	6
-52	010111010	9
-51	01111001111	11
-50	1001111011	10
-49	011011100	9
-48	01001110111	11
-47	010000010	9
-46	00100001111	11
-45	0101111111	10
-44	100110110111	12
-42	01011000	8
-41	100001100	9
-39	0100101011	10
-38	0010001111	10
-37	011100010	9
-36	00010	5
-34	01000011110	11
-33	01000011111	11
-32	010000101	9
-30	010000110	9
-29	100001110	9
-28	10011100	8
-27	010011110	9
-26	01100100	8
-24	0110001101	10
-23	0110001100	10
-20	10000111111	11
-19	1001011	7
-17	1000011110	10
-16	00111100	8
-15	011000100	9
-14	01110010	8
-13	01011110	8
-12	00100010	8
-11	010010100	9
-9	100000110	9
-8	1000011010	10
-7	010010110	9
-6	00000110	8
-5	00100000	8
-4	00110100	8
-3	00110110	8
-2	110100	6
-1	101	3
0	111	3
1	00001	5
2	011100001	9
3	001111010	9
4	00000100	8
5	00000101	8
6	0110001010	10
7	0110001011	10
8	0011110111	10
9	0011110110	10
10	1001101110	10
11	011001010	9
12	011110101	9
13	01010110	8
15	100111110	9
16	1001101100	10
17	110001	6
18	0101110011	10
19	0111101110	10
20	0111101111	10
21	011110110	9
22	011101010	9
23	00000000	8
25	010111000	9
26	00000001	8
27	010100100	9
28	010111011	9
29	1000001001	10
30	0110110111	10
31	1001111010	10
32	011011111	9
33	011010101	9
34	110111	6
35	011011101	9
36	0110011011	10
37	000001111	9
38	010000011	9
39	0101001111	10
40	0010000110	10
42	0010010	7
43	01111000111	11
44	100110110110	12
47	0111100010	10
48	0100111110	10
49	011001011	9
50	0100011	7
51	110110	6
52	0100001110	10
53	0111011110	10
54	0111011111	10
55	011101110	9
56	100000111	9
57	0100101010	10
58	001000110	9
59	01000100	8
60	01010100	8
61	10011011110	11
62	010111110	9
63	10011011010	11
65	011110000	9
66	0100111111	10
67	011001110	9
68	00101	5
69	011001111	9
70	01111000110	11
71	10011011111	11
72	010010111	9
73	01000000	8
74	010100110	9
75	10000110110	11
76	001000010	9
77	0101001110	10
78	00111000	8
80	10000110111	11
82	00100001110	11
83	100111010	9
84	000001110	9
85	100010	6
86	010101110	9
87	011001100	9
88	0110011010	10
89	010011100	9
90	0101011110	10
91	011010000	9
93	0100111010	10
94	01001110110	11
95	0110100011	10
96	01010111110	11
97	011010010	9
98	011011110	9
99	011100110	9
100	100111100	9
101	1000001000	10
102	110101	6
103	011110010	9
104	011011010	9
105	011010100	9
106	0110110110	10
107	00000010	8
108	0110001110	10
110	0111100110	10
112	0110001111	10
113	01111001110	11
114	000000110	9
115	01101100	8
116	01110011110	11
119	110000	6
120	01101011	8
121	001110110	9
123	011101100	9
124	001110100	9
126	001110101	9
15.ps
10	000110	6
13	000101	6
32	011	3
33	100101011011111	15
35	100101011011110	15
36	10110	5
37	10111	5
40	1001010111	10
41	111001111111100	15
44	1001010110110	13
45	111111001	9
46	11110	5
47	111110	6
48	001	3
49	1000	4
50	0000	4
51	0100	4
52	0101	4
53	11101	5
54	11001	5
55	11000	5
56	1111111	7
57	11010	5
58	100110	6
61	1001110	7
65	101010	6
66	1001111	7
67	101000	6
68	11011	5
69	101011	6
70	101001	6
71	1110000	7
72	11100010	8
73	111000110	9
76	1110001110	10
77	1110010	7
78	11100110	8
79	111001110	9
80	11100011110	11
82	1110011110	10
83	111000111110	12
84	1110001111110	13
85	11100011111110	14
86	111000111111110	15
87	1110001111111110	16
88	11100011111111110	17
89	111000111111111110	18
91	1110001111111111110	19
93	11100011111111111110	20
95	11100111110	11
97	1001000	7
98	111000111111111111110	21
99	111111000	9
100	111001111110	12
101	111111011	9
102	111111010	9
103	1110011111110	13
104	10010110	8
105	1110001111111111111110	22
106	100101110	9
107	11100011111111111111110	23
108	10010010	8
109	1001011110	10
110	10010100	8
111	111000111111111111111110	24
112	10010011	8
113	1110001111111111111111110	25
114	1110001111111111111111111	25
115	1001011111	10
116	11100111111111	14
117	111001111111101	15
118	10010101100	11
119	100101011010	12
120	1001010101	10
121	1001010100	10
122	10010101101110	14
123	000100	6
125	000111	6
16.svg
9	011110110	9
10	11101111	8
13	11011110	8
32	1111	4
33	101111110111	12
34	00100	5
35	11011111	8
37	00110	5
44	00111	5
45	1110000	7
46	11011010	8
47	00101	5
48	0110	4
49	110010100	9
50	11001011110	11
51	11000	5
52	11010	5
53	01110	5
54	10110	5
55	1110001	7
56	0111110110	10
57	11011011	8
58	00000110	8
59	10000	5
60	01000	5
61	10001	5
62	111010	6
63	110010101	9
65	110010110	9
66	11001011111	11
67	1100101110	10
68	1100100	7
69	1011110	7
70	1110110	7
71	1011100	7
73	10111110	8
76	1101110	7
77	1100110	7
78	10111010	8
79	110011110110	12
80	110011110111	12
81	0111110111	10
82	011111010	9
83	10111111010	11
84	1011111100	10
85	00000111	8
86	0000010	7
87	000010	6
88	101110110	9
89	1011101110	10
97	10100	5
98	11001110	8
99	0111111	7
100	0000111	7
101	0101	4
102	0000110	7
103	110011111	9
104	01111100	8
105	01001	5
106	11001111010	11
107	1100111100	10
108	1011101111	10
109	1101100	7
110	111001	6
111	00010	5
112	000000	6
114	10101	5
115	00011	5
116	1001	4
117	101111111	9
118	101111110110	12
119	11101110	8
120	0111100	7
121	01111010	8
122	011110111	9
17.tif
-128	10101100	8
-127	10010101	8
-126	10110000	8
-125	110111011	9
-124	101010111	9
-123	11110101	8
-122	10110001	8
-121	111111101	9
-120	11110000	8
-119	10111000	8
-118	10001001	8
-117	111110101	9
-116	011011110	9
-115	10101000	8
-114	101101110	9
-113	10010001	8
-112	10000111	8
-111	11110001	8
-110	0000011	7
-109	10111001	8
-108	00111011	8
-107	111010001	9
-106	10001101	8
-105	01001011	8
-104	111110000	9
-103	110101110	9
-102	011011111	9
-101	10101001	8
-100	00101100	8
-99	101101111	9
-98	101101101	9
-97	01010001	8
-96	10110011	8
-95	00001111	8
-94	00111100	8
-93	10100001	8
-92	01110111	8
-91	111100100	9
-90	111100101	9
-89	11010011	8
-88	110110100	9
-87	00100000	8
-86	00100001	8
-85	00101001	8
-84	0101011	7
-83	10010011	8
-82	10100111	8
-81	01000110	8
-80	10111111	8
-79	01000111	8
-78	10111100	8
-77	110101111	9
-76	111110100	9
-75	01001000	8
-74	11011001	8
-73	11100001	8
-72	00101101	8
-71	10011000	8
-70	11101101	8
-69	010111100	9
-68	0101111110	10
-67	001011100	9
-66	0010111111	10
-65	00000010	8
-64	00000001	8
-63	10000011	8
-62	00011111	8
-61	101101010	9
-60	00001101	8
-59	00010001	8
-58	11111111	8
-57	10100100	8
-56	10111010	8
-55	00111111	8
-54	00111110	8
-53	0111001	7
-52	11010100	8
-51	11010101	8
-50	00110010	8
-49	111001100	9
-48	00111000	8
-47	00110111	8
-46	110110101	9
-45	11100111	8
-44	10101111	8
-43	00110100	8
-42	00110101	8
-41	100111010	9
-40	100110111	9
-39	01001110	8
-38	01001111	8
-37	00101010	8
-36	01111111	8
-35	111111000	9
-34	110111111	9
-33	01100000	8
-32	10111110	8
-31	0110010	7
-30	01101110	8
-29	01000101	8
-28	01000100	8
-27	10111101	8
-26	11010110	8
-25	11011000	8
-24	11111001	8
-23	111110001	9
-22	01001010	8
-21	01100001	8
-20	01001001	8
-19	111110110	9
-18	111110111	9
-17	00001010	8
-16	00001011	8
-15	111000000	9
-14	111000001	9
-13	10011001	8
-12	11101100	8
-11	00011010	8
-10	00011011	8
-9	010111101	9
-8	101101100	9
-7	0101111111	10
-6	010111110	9
-4	001011101	9
-3	0010111110	10
-2	001011110	9
-1	0110101	7
0	1100	4
1	01101101	8
2	01101000	8
3	01101001	8
4	01100111	8
5	01100110	8
6	01100011	8
7	00010011	8
8	01011011	8
9	101101011	9
10	0101001	7
11	101000111	9
12	0111000	7
13	01000000	8
14	00010110	8
15	00010111	8
16	10100101	8
17	0000010	7
18	11101111	8
19	10111011	8
20	00100110	8
21	10001111	8
22	01011101	8
23	00100111	8
24	11110100	8
25	11010000	8
26	11101011	8
27	11110011	8
28	01110100	8
29	01110101	8
30	01010101	8
31	00110011	8
32	10001011	8
33	111001101	9
34	00111001	8
35	10001010	8
36	11011011	8
37	00111010	8
38	110100100	9
39	110100101	9
40	11110111	8
41	10101110	8
42	1000000	7
43	11110110	8
44	0101100	7
45	00100010	8
46	00100011	8
47	00110110	8
48	11101001	8
49	100111011	9
50	0111100	7
51	100001010	9
52	11101010	8
53	10010110	8
54	01010100	8
55	10010111	8
56	111111011	9
57	10011110	8
58	00011001	8
59	11100011	8
60	111111001	9
61	11011110	8
62	11100100	8
63	11100101	8
64	110111110	9
65	10100110	8
66	11100010	8
67	10011010	8
68	10011100	8
69	10000100	8
70	0000100	7
71	10001110	8
72	0010010	7
73	0001010	7
74	11101110	8
75	10100000	8
76	110100010	9
77	01001100	8
78	01011100	8
79	110100011	9
80	01001101	8
81	01110110	8
82	0011000	7
83	10110100	8
84	10101010	8
85	11011100	8
86	10100010	8
87	01111100	8
88	01111101	8
89	10000010	8
90	01100010	8
91	00010010	8
92	00011110	8
93	10110010	8
94	01101100	8
95	0001110	7
96	00000000	8
97	00000011	8
98	01010000	8
99	10010000	8
100	00011000	8
101	01111110	8
102	10011111	8
103	111111010	9
104	00101011	8
105	10010010	8
106	10001100	8
107	01000010	8
108	01000011	8
109	100110110	9
110	100001011	9
111	00101000	8
112	111010000	9
113	10001000	8
114	01011010	8
115	01000001	8
116	00010000	8
117	0111101	7
118	101000110	9
119	00001100	8
120	00111101	8
121	00001110	8
122	10000110	8
123	111111100	9
124	101010110	9
125	110111010	9
126	10010100	8
127	10101101	8
18.xbm
10	101000	6
32	111	3
35	10111101001	11
44	110	3
48	0	1
49	101111110	9
50	101111001010	12
51	101110	6
52	101100	6
53	1011010	7
55	10110110	8
56	10110111011	11
57	101111111	9
59	101111001011	12
61	101111010101	12
91	1010110	7
93	10101110	8
95	1010100	7
97	1011011100	10
98	10110111010	11
99	10111110	8
100	101011110	9
101	1010101	7
102	101101111	9
103	101111000	9
104	1010111110	10
105	1010111111	10
108	10111100110	11
109	10111100111	11
110	1011110110	10
114	101111010111	12
115	10111100100	11
116	1011110111	10
117	101111010110	12
119	101111010100	12
120	100	3
123	10111101000	11
125	101001	6
19.msh
-128	10001000	8
-127	11010110111	11
-126	11010110110	11
-125	11010110010	11
-124	1001100111	10
-123	1110110101	10
-122	111011011	9
-121	11010110011	11
-120	1110110011	10
-119	11010011110	11
-118	1000000000	10
-117	1011110000	10
-116	100101010	9
-115	11001001110	11
-114	1100111000	10
-113	1001100110	10
-112	1111010001	10
-111	11100111100	11
-110	11110110011	11
-109	11010011111	11
-108	11001010110	11
-107	1000000001	10
-106	100001011	9
-105	1011110001	10
-104	1110101010	10
-103	100101011	9
-102	1000110011	10
-101	11001001111	11
-100	11010100011	11
-99	1100111001	10
-98	1001101110	10
-97	10100110	8
-96	111010011	9
-95	11001111010	11
-94	11001111011	11
-93	11100111101	11
-92	1000000010	10
-91	11001000110	11
-90	1000011010	10
-89	11101010010	11
-88	11101010011	11
-87	11001010111	11
-86	1000001101	10
-85	11001010010	11
-84	11100011010	11
-83	11100001010	11
-82	1101010100	10
-81	1101010111	10
-80	1000111010	10
-79	1011001000	10
-78	1110101011	10
-77	11101110000	11
-76	1000110010	10
-75	100011000	9
-74	1110111001	10
-73	11001001100	11
-72	111101101	9
-71	11000010	8
-70	110101001	9
-69	10001010	8
-68	11001110101	11
-67	1001101111	10
-66	11101110111	11
-65	10100111	8
-64	11101000	8
-63	100110100	9
-62	100110101	9
-61	1100101100	10
-60	111010010	9
-59	1100001100	10
-58	1100101101	10
-57	11110110001	11
-56	1000011100	10
-55	1000000011	10
-54	10010110101	11
-53	111000111	9
-52	1100110	7
-51	1000011011	10
-50	1000010101	10
-49	1001010010	10
-48	100000011	9
-47	1001010011	10
-46	1101011000	10
-45	11100010110	11
-44	1011001011	10
-43	111001001	9
-42	1000011000	10
-41	11001010011	11
-40	11110111110	11
-39	1100000100	10
-38	11100011011	11
-37	11100001011	11
-36	1110000100	10
-35	1101011010	10
-34	1101010101	10
-33	1011000110	10
-32	1011000111	10
-31	1000000101	10
-30	1000111011	10
-29	1011001001	10
-28	1110001000	10
-27	11100010010	11
-26	11100010011	11
-25	11101110001	11
-24	110010010	9
-23	100101100	9
-22	111001010	9
-21	100110110	9
-20	100011110	9
-19	1000111110	10
-18	10001111110	11
-17	11001001101	11
-16	1100111011	10
-15	101101110	9
-14	1110111010	10
-13	101001010	9
-12	11101110110	11
-11	100011111110	12
-10	100011111111	12
-9	1101010000	10
-8	1010010110	10
-7	10100101110	11
-6	10100101111	11
-5	11001110100	11
-4	10000010	8
-3	11010100010	11
-2	101101111	9
-1	1001110	7
0	0	1
1	111100	6
2	110001	6
3	101110	6
4	101010	6
5	100100	6
6	101000	6
7	101011	6
8	1111101	7
9	1111100	7
10	11101111	8
11	1100001101	10
12	1100111100	10
13	1011001110	10
14	1011001111	10
15	11110110010	11
16	1101011111	10
17	1111011101	10
18	1000011101	10
19	10010110100	11
20	1101001011	10
21	10010110110	11
22	1011010011	10
23	101001000	9
24	100010110	9
25	1111010110	10
26	1110010110	10
27	1001111100	10
28	1000010100	10
29	11100111110	11
30	100110010	9
31	1011001101	10
32	101101000	9
33	1000011110	10
34	1000011111	10
35	1000001100	10
36	1110101000	10
37	1111010111	10
38	10011110	8
39	1111011110	10
40	11100010111	11
41	1000110110	10
42	1100000101	10
43	100001000	9
44	1101011110	10
45	1011001100	10
46	1000011001	10
47	11110111111	11
48	10110000	8
49	11100110	8
50	10011000	8
51	10110110	8
52	110100000	9
53	101101010	9
54	110011111	9
55	110010000	9
56	101100010	9
57	1111011100	10
58	1101001100	10
59	1100100010	10
60	110000111	9
61	1111010010	10
62	110110	6
63	110111	6
64	111111	6
65	1011111	7
66	11100101111	11
67	1101010110	10
68	1000101111	10
69	1000000100	10
70	100101110	9
71	1111010100	10
72	1010010010	10
73	1011010010	10
74	1100000111	10
75	1001111110	10
76	11101011	8
77	1001111111	10
78	1010010011	10
79	1000111000	10
80	100000111	9
81	11100111111	11
82	1100000110	10
83	10010110111	11
84	1000111001	10
85	11001000111	11
86	1001111101	10
87	11110110000	11
88	1101001010	10
89	1110110010	10
90	1101000010	10
91	1100101010	10
92	1101011100	10
93	1000101110	10
94	11100101110	11
95	111000011	9
96	1111010000	10
97	110010111	9
98	1111010011	10
99	111001000	9
100	1101001101	10
101	100011010	9
102	11100000	8
103	1110001100	10
104	11010001	8
105	100001001	9
106	1100101000	10
107	1100000000	10
108	1111010101	10
109	1101000011	10
110	1101011101	10
111	1110001010	10
112	110000001	9
113	101111001	9
114	111001110	9
115	10111101	8
116	101101011	9
117	1011001010	10
118	1100000001	10
119	1000110111	10
120	100101111	9
121	1110110000	10
122	110100100	9
123	1101001110	10
124	100101000	9
125	1110110100	10
126	1110110001	10
127	10001001	8
2.pdb
10	111100111000	12
32	0	1
40	111100111001	12
41	110	3
44	1110	4
45	11110011101101111	17
46	100111	6
47	111110	6
48	1000	4
49	1010	4
50	10010	5
51	101101	6
52	111111111	9
53	101111	6
54	101110	6
55	100110	6
56	11111110	8
57	1111010	7
65	1111000	7
66	11110010	8
67	11111100	8
68	111100110	9
69	11110110	8
70	11110011110	11
71	11110011111	11
72	111101111110	12
73	111101111111	12
74	1111011110	10
75	1111011100	10
76	11110111110	11
77	1111011101	10
78	111111110	9
79	111111010	9
80	1111110110	10
81	11111101110	11
82	101100	6
83	111100111010	12
84	11111101111	11
85	11110011101110	14
86	11110011101100	14
87	111100111011010	15
88	1111001110110110	16
89	11110011101111	14
90	11110011101101110	17
20.mov
-128	00000	5
-127	00101	5
-126	00001	5
-125	1000110	7
-124	1000000	7
-123	111000111	9
-122	1110111110	10
-121	11010111	8
-120	1000111	7
-119	11010011	8
-118	1000001	7
-117	01000111	8
-116	01001111011	11
-115	101101110	9
-114	1110111111	10
-113	10001001	8
-112	110101000	9
-111	110101101	9
-110	100010100	9
-109	110100000	9
-108	110100011	9
-107	110100101	9
-106	100001100	9
-105	101010011	9
-104	111101110110	12
-103	011100110	9
-102	010000110	9
-101	101101111	9
-100	11011010110	11
-99	01010111110	11
-98	00011111100	11
-97	110101010	9
-96	110101011	9
-95	10001000	8
-94	110101001	9
-93	100010111	9
-92	100010110	9
-91	110101100	9
-90	100010101	9
-89	110100001	9
-88	110100010	9
-87	10000100	8
-86	10000101	8
-85	100001111	9
-84	100001110	9
-83	100001101	9
-82	110100100	9
-81	101000011	9
-80	011101100	9
-79	00010110110	11
-78	111101110111	12
-77	0011011110	10
-76	011100111	9
-75	010000111	9
-74	1100100111	10
-73	1100110100	10
-72	1100110110	10
-71	11011010111	11
-70	11011010100	11
-69	101111010	9
-68	01010111111	11
-67	00011111101	11
-66	0101011110	10
-65	011010	6
-64	010100	6
-63	010010	6
-62	001000	6
-61	001100	6
-60	000100	6
-59	000110	6
-58	1111100	7
-57	1111000	7
-56	1111010	7
-55	1110010	7
-54	1110110	7
-53	1110000	7
-52	1101110	7
-51	1101100	7
-50	0100110	7
-49	0101010	7
-48	0110110	7
-47	11110010	8
-46	0001010	7
-45	0010010	7
-44	11110110	8
-43	0001110	7
-42	11100110	8
-41	11111010	8
-40	11011110	8
-39	11101110	8
-38	01101110	8
-37	01001110	8
-36	00100110	8
-35	111100110	9
-34	00011110	8
-33	011101111	9
-32	011101110	9
-31	011101101	9
-30	101000010	9
-29	11100010111	11
-28	00010110111	11
-27	11100010110	11
-26	101010010	9
-25	011000111	9
-24	011000110	9
-23	0011011111	10
-22	101011010	9
-21	01111011	8
-20	1100100110	10
-19	1011111101	10
-18	1011111100	10
-17	00010111101	11
-16	1100110101	10
-15	1100110111	10
-14	00010111100	11
-13	111110110110	12
-12	111110110111	12
-11	11111011010	11
-10	11011010101	11
-9	101111011	9
-8	11100111010	11
-7	11110011110	11
-6	11001111	8
-5	0001111101	10
-4	0001111111	10
-3	1111101100	10
-2	10100011	8
-1	110000	6
0	11011111	8
1	1110100	7
2	1100011	7
3	011111	6
4	1110101	7
5	1010111	7
6	1001100	7
7	0111100	7
8	0110000	7
9	0111000	7
10	0111010	7
11	11111100	8
12	111000100	9
13	0110010	7
14	0100010	7
15	00110100	8
16	0101100	7
17	0100111100	10
18	0100000	7
19	1111011100	10
20	000101100	9
21	00110110	8
22	10110100	8
23	11110011100	11
24	11000100	8
25	10110010	8
26	0010011100	10
27	11001000	8
28	10100100	8
29	11001010	8
30	10011010	8
31	10110000	8
32	10101100	8
33	10101000	8
34	10011100	8
35	10111110	8
36	01111010	8
37	10100000	8
38	01100010	8
39	01110010	8
40	111111010	9
41	001101010	9
42	1110001010	10
43	01100110	8
44	111111011	9
45	11110111010	11
46	01011010	8
47	01100111	8
48	001101011	9
49	0001011010	10
50	101001011	9
51	100111011	9
52	100111010	9
53	111100111010	12
54	01011011	8
55	101001010	9
56	100110111	9
57	100110110	9
58	111100111011	12
59	01000110	8
60	001101110	9
61	01000010	8
62	110010010	9
63	101100110	9
64	101101010	9
65	110001011	9
66	101100111	9
67	101100010	9
68	110001010	9
69	101100011	9
70	101011011	9
71	101111111	9
72	101101011	9
73	110010111	9
74	00100111011	11
75	00100111010	11
76	110010110	9
77	01001111010	11
78	111000110	9
79	110110100	9
80	110110110	9
81	1110011110	10
82	1111101110	10
83	1110011100	10
84	000101110	9
85	11111110	8
86	0110111110	10
87	010101100	9
88	1110111100	10
89	0010011110	10
90	0110111100	10
91	11001100	8
92	11001110	8
93	0001111100	10
94	10110110	8
95	1101101110	10
96	01101111010	11
97	10100110	8
98	01101111111	11
99	11111011111	11
100	11100111110	11
101	11101111010	11
102	11100111111	11
103	01101111011	11
104	11101111011	11
105	0001011111	10
106	10101011	8
107	11111011110	11
108	01101111110	11
109	11100111011	11
110	10100111	8
111	1101101111	10
112	10111100	8
113	10100010	8
114	10101010	8
115	11110011111	11
116	010101110	9
117	0100111110	10
118	0100111111	10
119	0010011111	10
120	11111111	8
121	010101101	9
122	1001111	7
123	111101111	9
124	010111	6
125	101110	6
126	00111	5
127	10010	5
21.mpeg
-128	101101010	9
-127	1110111110	10
-126	101101011	9
-125	111001101	9
-124	111001110	9
-123	1110111111	10
-122	01001101	8
-121	100110110	9
-120	0111011	7
-119	01001100	8
-118	111001111	9
-117	11011100	8
-116	1110101111	10
-115	01001001	8
-114	111011110	9
-113	111100000	9
-112	00000000	8
-111	11111000	8
-110	01000100	8
-109	00111110	8
-108	1110000	7
-107	10010100	8
-106	000010111	9
-105	111110110	9
-104	11011101	8
-103	010100110	9
-102	00010101	8
-101	10110001	8
-100	101111110	9
-99	10010011	8
-98	01111011	8
-97	10000001	8
-96	111100001	9
-95	00000001	8
-94	011110011	9
-93	11111001	8
-92	0001110	7
-91	1111111	7
-90	01000101	8
-89	011010101	9
-88	00111111	8
-87	1110001	7
-86	1110100	7
-85	11110001	8
-84	00100010	8
-83	10000111	8
-82	01000011	8
-81	01110000	8
-80	111110111	9
-79	110010010	9
-78	111110100	9
-77	01011011	8
-76	11010010	8
-75	0100101	7
-74	111111011	9
-73	00000100	8
-72	110111110	9
-71	1001111	7
-70	00101101	8
-69	01111110	8
-68	00110100	8
-67	0000111	7
-66	01100010	8
-65	01111100	8
-64	011111010	9
-63	0101001110	10
-62	1111001100	10
-61	101100100	9
-60	010101011	9
-59	001100101	9
-58	010110101	9
-57	00101110	8
-56	00101111	8
-55	0001111	7
-54	11101010	8
-53	0011000	7
-52	0110100	7
-51	01000111	8
-50	01000110	8
-49	00000010	8
-48	01001110	8
-47	011010110	9
-46	10001111	8
-45	0010000	7
-44	0000100	7
-43	0101000	7
-42	0101100	7
-41	11001101	8
-40	101111010	9
-39	00100011	8
-38	0000110	7
-37	110000011	9
-36	101010011	9
-35	00111001	8
-34	11111100	8
-33	11001000	8
-32	01110001	8
-31	100111011	9
-30	100111010	9
-29	110010011	9
-28	10011100	8
-27	0111001	7
-26	111110101	9
-25	110100010	9
-24	00111100	8
-23	11011010	8
-22	11010011	8
-21	11010101	8
-20	11010100	8
-19	11101100	8
-18	11001110	8
-17	11011001	8
-16	00000101	8
-15	110111111	9
-14	101001111	9
-13	11110010	8
-12	11110100	8
-11	10101111	8
-10	11011110	8
-9	11101101	8
-8	01111111	8
-7	00110101	8
-6	00110011	8
-5	00110111	8
-4	00110110	8
-3	00101011	8
-2	01010111	8
-1	10111011	8
0	11110110	8
1	11000101	8
2	011111011	9
3	00010111	8
4	0101001111	10
5	1111001101	10
6	10110111	8
7	101100101	9
8	011110010	9
9	110000111	9
10	110000110	9
11	010110100	9
12	10010111	8
13	10010101	8
14	011101000	9
15	11000000	8
16	10100110	8
17	0011101	7
18	11001100	8
19	111010110	9
20	10101000	8
21	10100100	8
22	00001010	8
23	0001100	7
24	01010010	8
25	11010000	8
26	11010111	8
27	10001100	8
28	110101100	9
29	10001110	8
30	10111100	8
31	01010100	8
32	00000011	8
33	01001111	8
34	000100	6
35	101001010	9
36	011010111	9
37	10001101	8
38	110101101	9
39	101010010	9
40	10000110	8
41	100010	6
42	10111110	8
43	10111000	8
44	10101010	8
45	10101110	8
46	0101110	7
47	10000010	8
48	01111000	8
49	101111011	9
50	11000010	8
51	01011110	8
52	01011111	8
53	11100100	8
54	10010001	8
55	10010000	8
56	011010100	9
57	110000010	9
58	10011010	8
59	00000110	8
60	110110110	9
61	11000110	8
62	00000111	8
63	110110111	9
64	00111000	8
65	01000010	8
66	10011000	8
67	10110100	8
68	0110011	7
69	0110110	7
70	11001010	8
71	101001110	9
72	1010110	7
73	10110000	8
74	001001	6
75	10110110	8
76	00101010	8
77	11001011	8
78	01101111	8
79	01101110	8
80	110100011	9
81	00111101	8
82	101000	6
83	00101100	8
84	01100100	8
85	11101110	8
86	10011001	8
87	111100111	9
88	101001011	9
89	10010010	8
90	11100101	8
91	10010110	8
92	0100000	7
93	11011000	8
94	11001111	8
95	10000000	8
96	111111010	9
97	00010100	8
98	101111111	9
99	01001000	8
100	01100000	8
101	01010110	8
102	01100011	8
103	01111010	8
104	10110011	8
105	10000011	8
106	10101011	8
107	0010100	7
108	000010110	9
109	11110111	8
110	00010110	8
111	10111001	8
112	010101010	9
113	011101001	9
114	1000010	7
115	001100100	9
116	111101011	9
117	01110101	8
118	10111010	8
119	01100101	8
120	1110101110	10
121	01100001	8
122	11000100	8
123	0001101	7
124	100110111	9
125	11000111	8
126	111001100	9
127	111101010	9
22.igs
10	11111011111111111111111111111111111111110	41
32	0	1
44	1001111	7
45	110	3
46	1110	4
47	11111111111	11
48	11110	5
49	1010	4
50	1000	4
51	10110	5
52	10010	5
53	101111	6
54	101110	6
55	100110	6
56	1111110	7
57	11111110	8
59	111111110	9
65	1111111110	10
66	11111111110	11
67	1001110	7
68	1111100	7
69	11111010	8
71	111110110	9
72	1111101110	10
73	11111011110	11
77	111110111110	12
78	1111101111110	13
79	11111011111110	14
80	111110111111110	15
83	1111101111111110	16
84	11111011111111110	17
85	111110111111111110	18
95	1111101111111111110	19
97	11111011111111111110	20
98	111110111111111111110	21
99	1111101111111111111110	22
100	11111011111111111111110	23
101	111110111111111111111110	24
102	1111101111111111111111110	25
103	11111011111111111111111110	26
104	111110111111111111111111110	27
105	1111101111111111111111111110	28
106	11111011111111111111111111110	29
107	111110111111111111111111111110	30
108	1111101111111111111111111111110	31
109	11111011111111111111111111111110	32
110	111110111111111111111111111111110	33
111	1111101111111111111111111111111110	34
114	11111011111111111111111111111111110	35
115	111110111111111111111111111111111110	36
116	1111101111111111111111111111111111110	37
117	11111011111111111111111111111111111110	38
118	111110111111111111111111111111111111110	39
119	1111101111111111111111111111111111111110	40
121	11111011111111111111111111111111111111111	41
23.v5d
-128	11010000	8
-127	11010001	8
-126	11001100	8
-125	11001110	8
-124	11001010	8
-123	11000010	8
-122	11001101	8
-121	11001001	8
-120	11001111	8
-119	10011010	8
-118	11001011	8
-117	00100000	8
-116	11000011	8
-115	00111111	8
-114	111100000	9
-113	111100110	9
-112	111011110	9
-111	111001010	9
-110	111000010	9
-109	110101010	9
-108	10011011	8
-107	101100110	9
-106	101100100	9
-105	101101100	9
-104	00100001	8
-103	001011010	9
-102	001011000	9
-101	000111110	9
-100	000111100	9
-99	001111100	9
-98	111100001	9
-97	1110011110	10
-96	111100111	9
-95	1110001110	10
-94	111011111	9
-93	1001100100	10
-92	111001011	9
-91	1001100000	10
-90	111000011	9
-89	1010100100	10
-88	110101011	9
-87	11100100100	11
-86	1110010001	10
-85	101100111	9
-84	0000000100	10
-83	101100101	9
-82	0000000000	10
-81	11110101100	11
-80	101101101	9
-79	111101010100	12
-78	11110101001	11
-77	10110111100	11
-76	001011011	9
-75	10110111000	11
-74	001011001	9
-73	000111111	9
-72	10110000100	11
-71	10110000000	11
-70	000111101	9
-69	10110001100	11
-68	001111101	9
-67	101100010100	12
-66	10110001001	11
-65	11100111010	11
-64	1110011111	10
-63	0011101011	10
-62	0011101010	10
-61	1110001111	10
-60	1011010110	10
-59	10110101111	11
-58	10110101110	11
-57	1001100110	10
-56	1001100101	10
-55	10011001111	11
-54	10011001110	11
-53	1001100010	10
-52	1001100001	10
-51	10011000111	11
-50	10011000110	11
-49	1010100110	10
-48	1010100101	10
-47	10101001110	11
-46	10101001111	11
-45	1110010000	10
-44	11100100101	11
-43	11100100110	11
-42	11100100111	11
-41	00000001110	11
-40	00000001111	11
-39	0000000110	10
-38	0000000101	10
-37	00000000111	11
-36	00000000110	11
-35	0000000001	10
-34	0000000010	10
-33	11110101110	11
-32	11110101101	11
-31	111101011110	12
-30	111101011111	12
-29	11110101000	11
-28	111101010101	12
-27	111101010110	12
-26	111101010111	12
-25	10110111110	11
-24	10110111101	11
-23	101101111111	12
-22	101101111110	12
-21	10110111010	11
-20	10110111001	11
-19	101101110111	12
-18	101101110110	12
-17	101100001110	12
-16	101100001111	12
-15	10110000101	11
-14	10110000110	11
-13	10110000010	11
-12	10110000001	11
-11	101100000111	12
-10	101100000110	12
-9	10110001110	11
-8	10110001101	11
-7	101100011111	12
-6	101100011110	12
-5	10110001000	11
-4	101100010101	12
-3	101100010111	12
-2	101100010110	12
-1	11100111011	11
0	11011	5
1	1110011100	10
2	001110100	9
3	101101001	9
4	110000010	9
5	101101000	9
6	110000011	9
7	101101010	9
8	111000110	9
9	111010100	9
10	111010101	9
11	00010000	8
12	00010001	8
13	00111011	8
14	11000000	8
15	11010111	8
16	11001000	8
17	11010100	8
18	11100010	8
19	10101000	8
20	11010010	8
21	11101000	8
22	11101011	8
23	11110110	8
24	11101110	8
25	11110001	8
26	11101101	8
27	11110010	8
28	0000011	7
29	0000110	7
30	11111011	8
31	0000010	7
32	0000101	7
33	0001010	7
34	0001011	7
35	0001101	7
36	0010101	7
37	0001100	7
38	0010011	7
39	0010111	7
40	0100000	7
41	1001001	7
42	0111010	7
43	1001011	7
44	0111100	7
45	1000101	7
46	0111001	7
47	0110100	7
48	0111000	7
49	0110011	7
50	0111101	7
51	0111111	7
52	0100110	7
53	0101111	7
54	0110010	7
55	1000010	7
56	1000111	7
57	1010000	7
58	1000100	7
59	1000110	7
60	1010101	7
61	1011101	7
62	1011111	7
63	1000001	7
64	0101011	7
65	0110001	7
66	0100010	7
67	0101010	7
68	0100111	7
69	0011110	7
70	0101001	7
71	0111110	7
72	0101100	7
73	1000011	7
74	0110101	7
75	1000000	7
76	1001000	7
77	1010010	7
78	1011100	7
79	1100011	7
80	1011110	7
81	1010011	7
82	1010111	7
83	1100010	7
84	1010110	7
85	1001110	7
86	1001010	7
87	0111011	7
88	0101101	7
89	0101110	7
90	0110111	7
91	0101000	7
92	0100101	7
93	0011000	7
94	0100001	7
95	0011100	7
96	0100011	7
97	0100100	7
98	0110000	7
99	1001111	7
100	1010001	7
101	0011011	7
102	0001110	7
103	0000111	7
104	11111010	8
105	11110111	8
106	11111110	8
107	11111000	8
108	11111100	8
109	11111001	8
110	0000001	7
111	0010100	7
112	0010010	7
113	11111101	8
114	11111111	8
115	0000100	7
116	0011010	7
117	0110110	7
118	0001001	7
119	0011001	7
120	0010001	7
121	11110100	8
122	11101100	8
123	11101001	8
124	11100110	8
125	11100000	8
126	11010110	8
127	11010011	8
24.wrl
9	0110	4
10	11001	5
32	101	3
34	110111100011	12
35	110111101	9
39	11111	5
40	11110	5
41	1101111001000	13
44	100101	6
45	11011111	8
46	111010000	9
47	11010	5
48	11100	5
49	0010	4
50	110110	6
51	1000011	7
52	1101111001001	13
53	00000	5
54	000011111110	12
55	1110110100	10
56	11101101110	11
57	111010001	9
58	0100111110	10
64	000010	6
65	0000110	7
66	00001110	8
67	000011110	9
68	0000111110	10
69	00001111110	11
70	000011111111	12
71	100100	6
72	01000010	8
73	01000011	8
74	11011110010110	14
75	11011110010111	14
76	11101110	8
77	000110	6
78	0001110	7
79	010010	6
80	1110110110	10
82	1110110101	10
83	11101100	8
84	11101101111	11
85	1110101111000	13
86	1110101111001	13
87	111010111101	12
88	0100111111	10
91	111011110	9
93	0100110	7
95	1110111110	10
97	1101110	7
98	0100010	7
99	1110111111	10
100	00010	5
101	0101	4
102	01001110	8
103	010011110	9
104	1110101110	10
105	0001111	7
106	111010111110	12
107	111010111111	12
108	0100011	7
109	111010110	9
110	10011	5
111	00111	5
112	11101010	8
113	0100000	7
114	00110	5
115	100000	6
116	10001	5
117	1000010	7
118	11011110000	11
119	1101111001010	13
120	11101001	8
121	11011110011	11
122	110111100010	12
123	11000	5
125	0111	4
25.aiff
-126	111011101111110	15
-125	111011111011011	15
-112	101111101000011	15
-111	1110111101111111	16
-109	111011101011101	15
-106	111011111011100	15
-105	111011111011101	15
-104	10111110101111	14
-103	1011111011101	13
-102	0001011110100	13
-100	111011111011111	15
-99	11101110111001	14
-98	11101110111010	14
-97	10111011110010	14
-96	101111101001011	15
-95	11101111100101	14
-94	10111011110001	14
-91	1011101110100	13
-90	11101111011110	14
-87	11011000111110	14
-86	0001011110101	13
-85	10111110101101	14
-84	101111101000010	15
-83	10111110100000	14
-82	1011101111111	13
-80	11101110111011	14
-79	0001011111010	13
-78	11101111100110	14
-77	10111011110011	14
-76	1011111010001	13
-75	000101101100	12
-74	1011111010011	13
-73	110000010011	12
-72	1110111011110	13
-71	111011101011111	15
-70	000101111000	12
-69	1011101110101	13
-68	1110111010000	13
-67	1110111010001	13
-66	1101100011110	13
-65	000101111001	12
-64	101110111011	12
-63	11011000111111	14
-62	110110001000	12
-60	101111101111	12
-59	000101111011	12
-58	000101111100	12
-57	110100001000	12
-56	110100001001	12
-55	00010100010	11
-54	11010001001	11
-53	11010001110	11
-52	10110101001	11
-51	110110001101	12
-50	10110101100	11
-49	11010001111	11
-48	0001011100	10
-47	00010100100	11
-46	11011000101	11
-45	1011010101	10
-44	0000100111	10
-43	00010100101	11
-42	1011100010	10
-41	0001011101	10
-40	1101011010	10
-39	11101111010	11
-38	1011100011	10
-37	1011010000	10
-36	1101000110	10
-35	1110111100	10
-34	000101010	9
-33	1110111111	10
-32	000101011	9
-31	000100000	9
-30	000011000	9
-29	000101100	9
-28	1101011011	10
-27	101101001	9
-26	101111100	9
-25	101110000	9
-24	110000011	9
-23	101100100	9
-22	110101100	9
-21	10110000	8
-20	00001000	8
-19	10110011	8
-18	111011100	9
-17	10111111	8
-16	10100110	8
-15	10111010	8
-14	11011001	8
-13	11010011	8
-12	11101011	8
-11	0000101	7
-10	1011110	7
-9	1100101	7
-8	1101101	7
-7	1101111	7
-6	1110100	7
-5	101000	6
-4	000111	6
-3	110011	6
-2	00000	5
-1	11110	5
0	01	2
1	001	3
2	1001	4
3	1000	4
4	11100	5
5	10101	5
6	111111	6
7	110001	6
8	000110	6
9	1111101	7
10	1111100	7
11	1110110	7
12	1011011	7
13	1100001	7
14	0001001	7
15	1010010	7
16	0000111	7
17	11010111	8
18	11010101	8
19	11010100	8
20	11010010	8
21	10111001	8
22	11001000	8
23	11000000	8
24	00001101	8
25	10110001	8
26	111010100	9
27	111010101	9
28	00010001	8
29	110111010	9
30	110100000	9
31	110110000	9
32	110111000	9
33	110010011	9
34	101001110	9
35	101100101	9
36	000011001	9
37	000010010	9
38	1100100100	10
39	1100100101	10
40	1011101101	10
41	1101000011	10
42	1101000101	10
43	000100001	9
44	1101110011	10
45	1100000101	10
46	1011101100	10
47	0001011010	10
48	1011010001	10
49	10110101111	11
50	11010000101	11
51	1010011111	10
52	0000100110	10
53	11011101100	11
54	11011101111	11
55	11011100101	11
56	11011101101	11
57	10110101101	11
58	111011111010	12
59	11010001000	11
60	11101110110	11
61	11011100100	11
62	11011101110	11
63	11000001000	11
64	10100111100	11
65	00010111111	11
66	00010100001	11
67	1110111010100	13
68	10110101000	11
69	101110111110	12
70	10111011100	11
71	00010110111	11
72	110110001110	12
73	1110111010101	13
74	110110001001	12
75	10100111101	11
76	111011101001	12
77	00010100110	11
78	111011111000	12
79	00010100111	11
80	101111101010	12
81	101110111101	12
82	111011110110	12
83	00010100011	11
84	110110001100	12
85	000101101101	12
86	1110111010110	13
87	00010100000	11
88	110000010010	12
89	10110101110	11
90	101111101100	12
91	101111101101	12
92	0001011111011	13
93	11101110111000	14
94	1011101111110	13
95	11101111101100	14
97	10111110101100	14
98	111011110111110	15
99	1110111101110	13
100	111011101011110	15
101	10111011110000	14
102	11101111100100	14
103	10111110101110	14
104	11101110111110	14
105	10111110111000	14
106	10111110100100	14
107	101111101001010	15
108	11101111100111	14
109	10111110111001	14
110	111011111011110	15
117	111011101011100	15
118	1110111101111110	16
119	111011111011010	15
127	111011101111111	15
26.au
-87	00101110110110	14
-86	001011101100	12
-85	00101110110111	14
-84	001011101111	12
-83	0010111010	10
-82	011110100	9
-81	10010110	8
-80	111010110	9
-79	0111101011	10
-78	111010111	9
-77	001011100	9
-76	10100010	8
-75	11101100	8
-74	10010111	8
-73	11011111	8
-72	01111011	8
-71	11101010	8
-70	10100011	8
-69	1000100	7
-68	0010110	7
-67	1001001	7
-66	11000010	8
-65	1011100	7
-64	11101101	8
-63	11011110	8
-62	0000100	7
-61	110010010	9
-60	0000101	7
-59	1000101	7
-58	1000111	7
-57	11001110	8
-56	1011101	7
-55	111111000	9
-54	0111111	7
-53	0000110	7
-52	0110010	7
-51	1010111	7
-50	1100101	7
-49	011101	6
-47	000111	6
-45	1111111	7
-43	100001	6
-41	000000	6
-39	1111100	7
-37	101100	6
-35	110110	6
-33	111000	6
-29	110100	6
-25	111001	6
-21	111100	6
-17	00111	5
-9	00110	5
-1	01000	5
0	11001000	8
1	110010011	9
31	001011111	9
32	001011110	9
37	1111110010	10
42	1111110011	10
43	110000110	9
44	110000111	9
45	11001111	8
46	11001100	8
47	110111011	9
48	110111010	9
49	111111010	9
50	111111011	9
51	101101110	9
52	101101111	9
53	0000111	7
54	10110110	8
55	0111110	7
56	0110011	7
57	1000000	7
58	0111100	7
59	1010000	7
60	11011100	8
61	1011010	7
62	1101010	7
63	010010	6
64	1000110	7
65	11001101	8
66	1010110	7
67	1001000	7
68	1001010	7
69	1000001	7
70	000001	6
71	1100000	7
72	1111101	7
73	000110	6
74	1101011	7
75	001010	6
76	1110111	7
77	1110100	7
78	011100	6
79	100110	6
81	011000	6
83	100111	6
85	010011	6
87	101001	6
89	110001	6
91	101111	6
93	101010	6
95	01101	5
99	111101	6
100	0111101010	10
103	00100	5
107	00010	5
110	001011101110	12
111	01011	5
115	0010111011010	13
119	01010	5
27.mp3
-128	11011000	8
-127	11011001	8
-126	111110011	9
-125	00001111	8
-124	00101111	8
-123	111101111	9
-122	01011111	8
-121	00110111	8
-120	11001100	8
-119	11010011	8
-118	10011101	8
-117	00011111	8
-116	10000011	8
-115	01111010	8
-114	00101100	8
-113	00010000	8
-112	11000111	8
-111	11001101	8
-110	0001001	7
-109	01011000	8
-108	01011001	8
-107	10111111	8
-106	01100110	8
-105	111111010	9
-104	00000101	8
-103	10100100	8
-102	10100110	8
-101	00100000	8
-100	01111011	8
-99	00000000	8
-98	00101101	8
-97	00010001	8
-96	00000011	8
-95	10011011	8
-94	11001001	8
-93	01001100	8
-92	01110100	8
-91	10000000	8
-90	10000100	8
-89	01110000	8
-88	01101110	8
-87	11110001	8
-86	11011100	8
-85	01101001	8
-84	01011100	8
-83	10011000	8
-82	01100111	8
-81	111101101	9
-80	111111011	9
-79	01000111	8
-78	01001111	8
-77	10100101	8
-76	10110010	8
-75	10111101	8
-74	11011010	8
-73	11100001	8
-72	00100001	8
-71	11001111	8
-70	01000000	8
-69	11010111	8
-68	00000001	8
-67	00001011	8
-66	00001010	8
-65	10000111	8
-64	00000010	8
-63	111100110	9
-62	111100111	9
-61	111101010	9
-60	00111100	8
-59	00000110	8
-58	00101000	8
-57	01001101	8
-56	00011001	8
-55	01110101	8
-54	00111011	8
-53	10000001	8
-52	11001010	8
-51	11001011	8
-50	10000101	8
-49	01110001	8
-48	111111101	9
-47	01011011	8
-46	01101111	8
-45	11000000	8
-44	11000001	8
-43	01110111	8
-42	11011101	8
-41	00111001	8
-40	00111000	8
-39	01011101	8
-38	01100000	8
-37	11101101	8
-36	10011001	8
-35	01101100	8
-34	111111000	9
-33	11010001	8
-32	111101000	9
-31	111110110	9
-30	111101001	9
-29	00011010	8
-28	00011011	8
-27	01100100	8
-26	01010110	8
-25	00110011	8
-24	00110010	8
-23	10110011	8
-22	11100111	8
-21	11010100	8
-20	01100010	8
-19	11100010	8
-18	11011011	8
-17	111111111	9
-16	111111110	9
-15	111110001	9
-14	111110000	9
-13	00100011	8
-12	00100010	8
-11	10111000	8
-10	01000001	8
-9	00001101	8
-8	00001100	8
-7	00111110	8
-6	00111111	8
-5	11111010	8
-4	00100100	8
-3	11001000	8
-2	11101011	8
-1	011111	6
0	10101	5
1	01000101	8
2	01001011	8
3	11100011	8
4	10100111	8
5	00001001	8
6	00001000	8
7	111101011	9
8	10010100	8
9	10010101	8
10	00111101	8
11	00000111	8
12	10011100	8
13	10111011	8
14	00101001	8
15	00011000	8
16	11000011	8
17	01010011	8
18	01010010	8
19	00110100	8
20	00110101	8
21	00110001	8
22	00110000	8
23	00100110	8
24	01100011	8
25	10111100	8
26	10110000	8
27	10000110	8
28	10111010	8
29	10010000	8
30	01001000	8
31	111111100	9
32	11101000	8
33	10010110	8
34	10010111	8
35	10001100	8
36	11101010	8
37	10001101	8
38	01011010	8
39	00111010	8
40	11001110	8
41	11010101	8
42	11100110	8
43	01010000	8
44	01010001	8
45	11000010	8
46	01110110	8
47	00010110	8
48	00010111	8
49	10011111	8
50	10011110	8
51	10100001	8
52	01101000	8
53	10100000	8
54	01100001	8
55	00011101	8
56	00011100	8
57	10001001	8
58	10001000	8
59	10011010	8
60	01101101	8
61	01000010	8
62	111111001	9
63	01101010	8
64	01101011	8
65	01111000	8
66	00101011	8
67	11100000	8
68	01010101	8
69	10110101	8
70	01110011	8
71	10110110	8
72	10100011	8
73	11011110	8
74	10111001	8
75	11010010	8
76	10010001	8
77	11101001	8
78	01010111	8
79	01000011	8
80	10111110	8
81	11100100	8
82	11011111	8
83	11101110	8
84	11100101	8
85	11101111	8
86	10001110	8
87	11010000	8
88	01010100	8
89	00100111	8
90	10100010	8
91	10110001	8
92	01000110	8
93	10001111	8
94	00101010	8
95	01001010	8
96	11110010	8
97	10010010	8
98	10000010	8
99	10110100	8
100	10001011	8
101	11000110	8
102	10001010	8
103	00100101	8
104	10110111	8
105	01001001	8
106	11110000	8
107	11000100	8
108	11000101	8
109	0001010	7
110	11010110	8
111	01100101	8
112	00000100	8
113	00101110	8
114	01111001	8
115	01000100	8
116	01011110	8
117	10010011	8
118	01001110	8
119	01110010	8
120	111101100	9
121	111110111	9
122	00110110	8
123	00011110	8
124	111101110	9
125	00001110	8
126	111110010	9
127	11101100	8
28.ra
-128	11011110	8
-127	01100101	8
-126	0001000	7
-125	00110001	8
-124	11100011	8
-123	0001001	7
-122	01100011	8
-121	00100011	8
-120	11010110	8
-119	10001001	8
-118	10111010	8
-117	01001010	8
-116	01110110	8
-115	00101010	8
-114	00011111	8
-113	00000001	8
-112	11101000	8
-111	10100111	8
-110	11010111	8
-109	111111000	9
-108	00010101	8
-107	10000011	8
-106	10111011	8
-105	01001011	8
-104	10101110	8
-103	111011011	9
-102	01110111	8
-101	00101011	8
-100	111110001	9
-99	01001001	8
-98	111100011	9
-97	011001110	9
-96	0011111	7
-95	0100011	7
-94	11101001	8
-93	00011000	8
-92	10111110	8
-91	00001010	8
-90	00101110	8
-89	111111001	9
-88	11100111	8
-87	10010111	8
-86	00110111	8
-85	111001010	9
-84	10000001	8
-83	111011101	9
-82	111101011	9
-81	100101010	9
-80	11000001	8
-79	00000111	8
-78	10101111	8
-77	001110010	9
-76	111100000	9
-75	00000100	8
-74	110000000	9
-73	111110000	9
-72	10110111	8
-71	110110000	9
-70	110110001	9
-69	000111011	9
-68	00011100	8
-67	110110010	9
-66	101101100	9
-65	011001111	9
-64	0100000	7
-63	11111110	8
-62	11000100	8
-61	10011100	8
-60	10011101	8
-59	10000101	8
-58	10000100	8
-57	00011001	8
-56	10011001	8
-55	10111111	8
-54	10001110	8
-53	00001011	8
-52	01111011	8
-51	00101111	8
-50	01101100	8
-49	110011010	9
-48	0001101	7
-47	111110111	9
-46	111110110	9
-45	00001100	8
-44	10000110	8
-43	011111011	9
-42	101110011	9
-41	111001011	9
-40	01000101	8
-39	110000111	9
-38	110000110	9
-37	101010110	9
-36	111101000	9
-35	110011110	9
-34	111001101	9
-33	100101011	9
-32	11101100	8
-31	10001011	8
-30	10001010	8
-29	001010011	9
-28	111110011	9
-27	011000011	9
-26	011101011	9
-25	001110011	9
-24	00111011	8
-23	111100001	9
-22	10010100	8
-21	00000101	8
-20	00111010	8
-19	110000001	9
-18	111011010	9
-17	000111010	9
-16	01001000	8
-15	110110011	9
-14	101101101	9
-13	111100010	9
-12	00011110	8
-11	01100010	8
-10	01100000	8
-9	00111000	8
-8	01110100	8
-7	00101000	8
-6	111110010	9
-5	001010010	9
-4	00000110	8
-3	011101010	9
-2	011000010	9
-1	010011010	9
0	001001	6
1	1010001	7
2	0111001	7
3	11111111	8
4	1010110	7
5	0010110	7
6	11000101	8
7	11110110	8
8	1001111	7
9	11110111	8
10	0101111	7
11	11100001	8
12	0111111	7
13	11100000	8
14	11110010	8
15	10011000	8
16	1011001	7
17	0100111	7
18	11110011	8
19	11011010	8
20	0101001	7
21	11011011	8
22	10001111	8
23	01111010	8
24	0011001	7
25	11010100	8
26	11010101	8
27	10100110	8
28	11000111	8
29	11000110	8
30	01101101	8
31	110011011	9
32	1001101	7
33	11111010	8
34	0101000	7
35	10101000	8
36	11001001	8
37	11001000	8
38	10101001	8
39	10010011	8
40	0010000	7
41	10111000	8
42	11010011	8
43	01010111	8
44	01110001	8
45	01010110	8
46	011111010	9
47	01000100	8
48	0101010	7
49	11101011	8
50	10110101	8
51	01011001	8
52	10100101	8
53	10010000	8
54	01011000	8
55	111101001	9
56	11001110	8
57	01011010	8
58	11001010	8
59	110011111	9
60	00111100	8
61	00111101	8
62	111011100	9
63	01111100	8
64	1000110	7
65	0000111	7
66	0100001	7
67	0000001	7
68	11111101	8
69	11010010	8
70	11011101	8
71	11000010	8
72	11101111	8
73	10101010	8
74	11011100	8
75	10110100	8
76	10111101	8
77	01101010	8
78	10100100	8
79	01101110	8
80	0101110	7
81	10111100	8
82	11101010	8
83	10000000	8
84	0001011	7
85	01101011	8
86	10000010	8
87	00110100	8
88	11001011	8
89	01011011	8
90	01101111	8
91	101010111	9
92	10010001	8
93	111001100	9
94	00110101	8
95	111101010	9
96	0110100	7
97	11010000	8
98	11001100	8
99	10100000	8
100	10100001	8
101	10010010	8
102	10000111	8
103	00001101	8
104	11100100	8
105	01110000	8
106	10010110	8
107	00001001	8
108	00001000	8
109	101110010	9
110	00110110	8
111	00010100	8
112	11010001	8
113	01111000	8
114	01111001	8
115	10001000	8
116	11100010	8
117	10110000	8
118	01001100	8
119	101100010	9
120	101100011	9
121	01100110	8
122	010011011	9
123	00000000	8
124	00100010	8
125	00110000	8
126	01100100	8
127	11011111	8
29.wav
-128	1101000	7
-127	1011011	7
-126	0011101	7
-125	0101100	7
-124	0111111	7
-123	1010111	7
-122	11110101	8
-121	0101101	7
-120	0111010	7
-119	11111011	8
-118	0010000	7
-117	1001111	7
-116	0001100	7
-115	11011101	8
-114	11110001	8
-113	1100011	7
-112	11001100	8
-111	0111011	7
-110	1010001	7
-109	1001101	7
-108	11100110	8
-107	0010001	7
-106	11010111	8
-105	11001001	8
-104	01101100	8
-103	00000010	8
-102	0001101	7
-101	00011101	8
-100	11001010	8
-99	00001000	8
-98	10101101	8
-97	0101111	7
-96	00010110	8
-95	11001101	8
-94	10001100	8
-93	00110001	8
-92	101000011	9
-91	00010000	8
-90	10100101	8
-89	01101000	8
-88	10101001	8
-87	11100111	8
-86	10010011	8
-85	111001000	9
-84	00001110	8
-83	111011110	9
-82	101001111	9
-81	01101110	8
-80	01101111	8
-79	11001000	8
-78	01101101	8
-77	0000000	7
-76	00000011	8
-75	10011100	8
-74	10011101	8
-73	00011111	8
-72	00011110	8
-71	11001011	8
-70	11110000	8
-69	10101100	8
-68	00001001	8
-67	00001010	8
-66	00001011	8
-65	001101111111	12
-64	110110011110	12
-63	00010100	8
-62	00010111	8
-61	011111010	9
-60	111110000	9
-59	110111101	9
-58	10001101	8
-57	00110010	8
-56	111111101	9
-55	01111010	8
-54	111011010	9
-53	10100100	8
-52	00010001	8
-51	00010011	8
-50	00010010	8
-49	01101001	8
-48	01101010	8
-47	110000000	9
-46	110000010	9
-45	010000110	9
-44	101100111	9
-43	111010010	9
-42	01100101	8
-41	111001001	9
-40	011100011	9
-39	00001111	8
-38	101010111	9
-37	111011111	9
-36	101001100	9
-35	01100001	8
-34	10010001	8
-33	00011100	8
-32	11011100	8
-31	11110100	8
-30	0011100	7
-29	0100000	7
-28	0100010	7
-27	0101000	7
-26	0101010	7
-25	0000010	7
-24	0011010	7
-23	11101010	8
-22	11011000	8
-21	00110110	8
-20	01000110	8
-19	111010110	9
-18	010001110	9
-17	001101110	9
-16	110110010	9
-15	1110101110	10
-14	0011011110	10
-13	0100011110	10
-12	00110111110	11
-11	11101011110	11
-9	01000111110	11
-8	010001111110	12
-7	0100011111110	13
0	0100011111111	13
1	1110101111110	13
3	1110101111100	13
6	11101011111010	14
7	001101111110	12
8	1101100110	10
9	1110101111111	13
10	11101011111011	14
11	11011001110	11
12	110110011111	12
13	00010101	8
14	01011100	8
15	010111010	9
16	010111011	9
17	011111011	9
18	01111100	8
19	111110001	9
20	11011111	8
21	111110010	9
22	0100100	7
23	110111100	9
24	111110011	9
25	01111000	8
26	00110011	8
27	010101100	9
28	111111111	9
29	01111011	8
30	10100000	8
31	111011011	9
32	111011000	9
33	01111001	8
34	111011001	9
35	01010111	8
36	111111110	9
37	010101101	9
38	111111100	9
39	00110000	8
40	101000010	9
41	111101110	9
42	111101111	9
43	10101000	8
44	01101011	8
45	110000001	9
46	111101101	9
47	110000011	9
48	111101100	9
49	101100110	9
50	010000111	9
51	110110110	9
52	10010010	8
53	111010011	9
54	01100100	8
55	01100010	8
56	11010100	8
57	011100010	9
58	00111101	8
59	00111100	8
60	01110000	8
61	101010110	9
62	01001111	8
63	01001110	8
64	10101010	8
65	01100000	8
66	111011101	9
67	101001101	9
68	111011100	9
69	11000100	8
70	10110001	8
71	00101000	8
72	00101001	8
73	11000101	8
74	00101010	8
75	00101011	8
76	10110000	8
77	10010000	8
78	101001110	9
79	11010110	8
80	11110010	8
81	0010010	7
82	11101000	8
83	01010010	8
84	11011010	8
85	10110010	8
86	11100010	8
87	11001110	8
88	01000010	8
89	11100000	8
90	11100011	8
91	11100001	8
92	11010101	8
93	11001111	8
94	01100011	8
95	110110111	9
96	01010011	8
97	0010011	7
98	11110011	8
99	11111010	8
100	0111001	7
101	1011100	7
102	0000110	7
103	11111100	8
104	0011111	7
105	0100110	7
106	11111101	8
107	0110011	7
108	1000100	7
109	1001011	7
110	11100101	8
111	1000000	7
112	1001010	7
113	1000011	7
114	1100001	7
115	1011111	7
116	0100101	7
117	1000111	7
118	0000011	7
119	1000101	7
120	1000010	7
121	001011	6
122	1001100	7
123	1011110	7
124	1000001	7
125	1011101	7
126	1011010	7
127	1101001	7
3.evy
-128	0100000	7
-127	01011101	8
-126	11110111	8
-125	00101101	8
-124	01101001	8
-123	01111000	8
-122	110001110	9
-121	01101111	8
-120	111110010	9
-119	110000111	9
-118	01001111	8
-117	01111110	8
-116	01111001	8
-115	111011110	9
-114	110001111	9
-113	00001100	8
-112	10101100	8
-111	10011110	8
-110	10000101	8
-109	10111011	8
-108	00100111	8
-107	10000000	8
-106	00111010	8
-105	01111111	8
-104	01101010	8
-103	00100010	8
-102	01010111	8
-101	111011111	9
-100	01110001	8
-99	10001101	8
-98	010100000	9
-97	00001101	8
-96	0001111	7
-95	10101101	8
-94	01001011	8
-93	10011111	8
-92	10111100	8
-91	00101001	8
-90	110110111	9
-89	111010110	9
-88	01100100	8
-87	110101011	9
-86	110110011	9
-85	10000001	8
-84	00101111	8
-83	111011010	9
-82	00111011	8
-81	010111110	9
-80	10111000	8
-79	01101011	8
-78	10010111	8
-77	00100011	8
-76	110101111	9
-75	00010101	8
-74	110010100	9
-73	101000110	9
-72	00111100	8
-71	110100010	9
-70	111011100	9
-69	111010010	9
-68	111101011	9
-67	010100001	9
-66	010100111	9
-65	00111000	8
-64	11111000	8
-63	01011010	8
-62	01011011	8
-61	01001010	8
-60	11011010	8
-59	01100011	8
-58	01100010	8
-57	01010100	8
-56	01010101	8
-55	10111101	8
-54	10100110	8
-53	110110110	9
-52	01001001	8
-51	00001111	8
-50	10001001	8
-49	111010111	9
-48	0010101	7
-47	01001101	8
-46	10011010	8
-45	10011000	8
-44	00110001	8
-43	00100101	8
-42	00010001	8
-41	111100100	9
-40	10100001	8
-39	110011010	9
-38	110011011	9
-37	110111010	9
-36	111011011	9
-35	110011000	9
-34	110011001	9
-33	010111111	9
-32	0000101	7
-31	11000110	8
-30	10111001	8
-29	01010110	8
-28	10010110	8
-27	111101001	9
-26	111101000	9
-25	01011110	8
-24	110101110	9
-23	101011110	9
-22	101011111	9
-21	111111100	9
-20	111111101	9
-19	00010100	8
-18	110010101	9
-17	101000111	9
-16	0100010	7
-15	01110000	8
-14	00111101	8
-13	110100011	9
-12	10001100	8
-11	01010010	8
-10	111011101	9
-9	111010011	9
-8	111101010	9
-7	101101111	9
-6	101101110	9
-5	010100110	9
-4	111010001	9
-3	111010000	9
-2	01010001	8
-1	10101001	8
0	11100	5
1	1101111	7
2	1011001	7
3	0011111	7
4	0111011	7
5	0010000	7
6	0001101	7
7	11010110	8
8	0110110	7
9	1000111	7
10	11010000	8
11	11001011	8
12	0001011	7
13	10101110	8
14	10100010	8
15	11111100	8
16	000000	6
17	11001111	8
18	0111001	7
19	11111111	8
20	11110000	8
21	11001110	8
22	10100111	8
23	00001001	8
24	01110101	8
25	11000100	8
26	110000011	9
27	00110101	8
28	00110111	8
29	00011101	8
30	01000111	8
31	01100101	8
32	1000011	7
33	10110110	8
34	11000010	8
35	11001000	8
36	11110110	8
37	11110001	8
38	10011011	8
39	10001011	8
40	0000011	7
41	10010101	8
42	00100100	8
43	10000010	8
44	00010000	8
45	01100110	8
46	01100111	8
47	111100101	9
48	10111111	8
49	11010010	8
50	10010011	8
51	11010011	8
52	10101011	8
53	111110100	9
54	111110101	9
55	111110111	9
56	01111010	8
57	10011100	8
58	111110110	9
59	01111011	8
60	00011000	8
61	101101011	9
62	101101010	9
63	01001100	8
64	0111110	7
65	0001001	7
66	10111010	8
67	01110100	8
68	10110100	8
69	10101010	8
70	10001010	8
71	11110011	8
72	11101010	8
73	11011100	8
74	10010010	8
75	10100100	8
76	11000101	8
77	10111110	8
78	10100000	8
79	00101110	8
80	0011001	7
81	11000000	8
82	10010100	8
83	10010000	8
84	10110000	8
85	11001001	8
86	10010001	8
87	10000011	8
88	11101100	8
89	10100101	8
90	10110001	8
91	00110000	8
92	110110010	9
93	110101010	9
94	00100110	8
95	110000110	9
96	11111101	8
97	11011000	8
98	10011001	8
99	01011001	8
100	110111011	9
101	11010100	8
102	01011000	8
103	00011001	8
104	10011101	8
105	01001110	8
106	01101000	8
107	00110110	8
108	00110100	8
109	00001110	8
110	110000010	9
111	01001000	8
112	0000010	7
113	10101000	8
114	00111001	8
115	01101110	8
116	01000110	8
117	00011100	8
118	10001000	8
119	00001000	8
120	01100000	8
121	01100001	8
122	00101000	8
123	10000100	8
124	111110011	9
125	00101100	8
126	01011100	8
127	0100001	7
30.ram
10	01110	5
45	101110	6
46	11010	5
47	0101	4
49	101111	6
52	1100	4
58	11011	5
84	00110	5
97	00111	5
101	111010	6
103	10011	5
104	0010	4
108	000	3
109	0100	4
110	1010	4
111	10110	5
112	0110	4
114	11100	5
115	1000	4
116	111011	6
118	10010	5
119	1111	4
121	01111	5
31.aiff
-128	100101110	9
-127	101111000	9
-126	011011011	9
-125	101111001	9
-124	101010101	9
-123	100010000	9
-122	101101110	9
-121	100011111	9
-120	101101001	9
-119	101011101	9
-118	100011101	9
-117	100010001	9
-116	110010100	9
-115	101101111	9
-114	011100011	9
-113	100010011	9
-112	101001101	9
-111	1111001010	10
-110	100100001	9
-109	011000100	9
-108	011000101	9
-107	011101000	9
-106	100001001	9
-105	110010011	9
-104	110010001	9
-103	101000000	9
-102	110010101	9
-101	100000101	9
-100	100000100	9
-99	100000000	9
-98	011010000	9
-97	011100110	9
-96	100100011	9
-95	100101011	9
-94	011011001	9
-93	011100100	9
-92	1111001011	10
-91	101100111	9
-90	101100001	9
-89	101101101	9
-88	100011010	9
-87	110110101	9
-86	110101011	9
-85	100001000	9
-84	110101101	9
-83	110101010	9
-82	101111110	9
-81	111000101	9
-80	101000110	9
-79	001000100	9
-78	001000101	9
-77	101000001	9
-76	101110100	9
-75	101110101	9
-74	011100000	9
-73	100010101	9
-72	110110011	9
-71	110000111	9
-70	111101100	9
-69	100000001	9
-68	100101100	9
-67	100101101	9
-66	011010001	9
-65	011100111	9
-64	101000011	9
-63	101011000	9
-62	110011001	9
-61	110010010	9
-60	101011111	9
-59	110000001	9
-58	011010011	9
-57	101111101	9
-56	011100101	9
-55	101010011	9
-54	110110010	9
-53	111101101	9
-52	101010001	9
-51	100101001	9
-50	101010110	9
-49	101111111	9
-48	110110100	9
-47	100011011	9
-46	101101100	9
-45	110111000	9
-44	110000010	9
-43	101100100	9
-42	111100000	9
-41	111010111	9
-40	110101111	9
-39	111010001	9
-38	00001010	8
-37	111011011	9
-36	101101010	9
-35	00011000	8
-34	110110110	9
-33	111111100	9
-32	111001100	9
-31	111111101	9
-30	110111100	9
-29	111101001	9
-28	110111111	9
-27	00011001	8
-26	111010010	9
-25	111111111	9
-24	111111110	9
-23	111110010	9
-22	01100011	8
-21	01100101	8
-20	01100110	8
-19	01110101	8
-18	00011100	8
-17	00001101	8
-16	00100111	8
-15	10100101	8
-14	11100011	8
-13	11001111	8
-12	11100101	8
-11	11100100	8
-10	0000111	7
-9	0010010	7
-8	0110000	7
-7	0110111	7
-6	0110101	7
-5	1110000	7
-4	1101000	7
-3	1111110	7
-2	001011	6
-1	00010	5
0	010	3
1	0011	4
2	10011	5
3	01111	5
4	00000	5
5	110001	6
6	001010	6
7	1111101	7
8	1101001	7
9	1000011	7
10	1001001	7
11	0111011	7
12	0000100	7
13	0010000	7
14	11110111	8
15	11110101	8
16	11101010	8
17	11011101	8
18	10111001	8
19	10101101	8
20	11001011	8
21	10110001	8
22	10100111	8
23	10001100	8
24	00100011	8
25	10000011	8
26	00001011	8
27	00100110	8
28	01100111	8
29	01100100	8
30	00011110	8
31	00011101	8
32	00011111	8
33	00011010	8
34	111110011	9
35	00011011	8
36	111110000	9
37	111011100	9
38	111001111	9
39	110111001	9
40	111010000	9
41	110000011	9
42	111100111	9
43	111100010	9
44	111100110	9
45	111011110	9
46	111100001	9
47	111110001	9
48	111011000	9
49	101000100	9
50	110011100	9
51	111011010	9
52	111101000	9
53	011100001	9
54	111011101	9
55	111100011	9
56	110111110	9
57	110011010	9
58	101101011	9
59	110110000	9
60	110000110	9
61	110110111	9
62	110010000	9
63	111000100	9
64	101000101	9
65	110101110	9
66	111001101	9
67	110101100	9
68	111001110	9
69	110011011	9
70	110111101	9
71	101100101	9
72	111010110	9
73	100001011	9
74	100001010	9
75	110011101	9
76	110101001	9
77	110101000	9
78	111010011	9
79	101011100	9
80	011101001	9
81	100011100	9
82	101010100	9
83	101111100	9
84	111011001	9
85	101010010	9
86	101010111	9
87	100101000	9
88	101100000	9
89	101010000	9
90	110011000	9
91	101011110	9
92	110000100	9
93	101000111	9
94	111011111	9
95	101000010	9
96	101110110	9
97	111100100	9
98	110000101	9
99	101110000	9
100	00001100	8
101	011100010	9
102	100010100	9
103	101110001	9
104	110110001	9
105	101100110	9
106	101111010	9
107	110000000	9
108	101001000	9
109	100101010	9
110	100000010	9
111	100000011	9
112	100100000	9
113	101111011	9
114	101101000	9
115	011010010	9
116	011011000	9
117	101001100	9
118	101001001	9
119	100100010	9
120	101011001	9
121	100010010	9
122	100011110	9
123	101110111	9
124	100010110	9
125	100010111	9
126	011011010	9
127	100101111	9
32.aiff
-128	011100000	9
-127	101100111	9
-126	101010001	9
-125	101011100	9
-124	100101111	9
-123	011111010	9
-122	101001010	9
-121	100111001	9
-120	100111101	9
-119	101110110	9
-118	100101101	9
-117	011111011	9
-116	100111111	9
-115	101110001	9
-114	101010111	9
-113	011111001	9
-112	110100011	9
-111	101000001	9
-110	100100111	9
-109	101000011	9
-108	101110111	9
-107	101001000	9
-106	101001001	9
-105	011100010	9
-104	100101011	9
-103	110010110	9
-102	101011101	9
-101	011111110	9
-100	110011011	9
-99	101000100	9
-98	110010011	9
-97	101111101	9
-96	100100100	9
-95	101011000	9
-94	101011111	9
-93	011100101	9
-92	011001000	9
-91	000010011	9
-90	011100111	9
-89	100111011	9
-88	011101000	9
-87	100010111	9
-86	100010110	9
-85	101010011	9
-84	100101001	9
-83	100100011	9
-82	100100001	9
-81	100010000	9
-80	011100011	9
-79	100110101	9
-78	100110100	9
-77	110111000	9
-76	110010111	9
-75	101111110	9
-74	101110011	9
-73	110011010	9
-72	011111111	9
-71	100010010	9
-70	100010011	9
-69	101111001	9
-68	101000101	9
-67	110101000	9
-66	101100000	9
-65	011111101	9
-64	101000111	9
-63	110000101	9
-62	110000111	9
-61	110011001	9
-60	101011001	9
-59	101111011	9
-58	111001000	9
-57	011001110	9
-56	110100110	9
-55	100011111	9
-54	101011011	9
-53	111001001	9
-52	111010000	9
-51	101110101	9
-50	110011110	9
-49	110111001	9
-48	110100111	9
-47	101100011	9
-46	111000000	9
-45	110111100	9
-44	111000001	9
-43	111011000	9
-42	111110001	9
-41	110110000	9
-40	111001010	9
-39	110011111	9
-38	111010101	9
-37	101100101	9
-36	111100011	9
-35	111100000	9
-34	111111010	9
-33	111000010	9
-32	00001011	8
-31	00011011	8
-30	111111001	9
-29	111100010	9
-28	111010111	9
-27	110110010	9
-26	00001010	8
-25	111001101	9
-24	111000101	9
-23	00001101	8
-22	00100111	8
-21	00101111	8
-20	111110010	9
-19	01110101	8
-18	111101110	9
-17	10011000	8
-16	10100110	8
-15	11000111	8
-14	11011011	8
-13	11101101	8
-12	11011111	8
-11	11101110	8
-10	0010010	7
-9	0001111	7
-8	0110000	7
-7	0111101	7
-6	0111011	7
-5	1100010	7
-4	1101011	7
-3	1111111	7
-2	001000	6
-1	00010	5
0	010	3
1	0011	4
2	10000	5
3	01101	5
4	00000	5
5	101101	6
6	001010	6
7	1111101	7
8	1100000	7
9	0111100	7
10	1000110	7
11	0110001	7
12	0010110	7
13	0000111	7
14	11110110	8
15	11110101	8
16	11110010	8
17	11001110	8
18	11100111	8
19	11100011	8
20	10101010	8
21	11000110	8
22	11010101	8
23	10011001	8
24	01100101	8
25	10001010	8
26	01100110	8
27	00011100	8
28	00011000	8
29	00101110	8
30	00011010	8
31	00011001	8
32	00100110	8
33	00011101	8
34	111111011	9
35	111011111	9
36	111011001	9
37	00001100	8
38	111110000	9
39	111100110	9
40	110111101	9
41	111111000	9
42	111010100	9
43	111100111	9
44	111101000	9
45	111010010	9
46	110111011	9
47	110110001	9
48	110111010	9
49	111010110	9
50	111001011	9
51	111010001	9
52	111101001	9
53	110100100	9
54	110100101	9
55	100011101	9
56	110010000	9
57	110100000	9
58	110100001	9
59	111010011	9
60	111100001	9
61	110101001	9
62	101111000	9
63	111001100	9
64	111000011	9
65	101001111	9
66	101001110	9
67	101110000	9
68	110010100	9
69	111000100	9
70	101111010	9
71	101011110	9
72	110011000	9
73	100110111	9
74	100110110	9
75	110110011	9
76	110000110	9
77	110000100	9
78	101100010	9
79	100111010	9
80	011101001	9
81	101000010	9
82	101011010	9
83	101100001	9
84	111011110	9
85	110110101	9
86	100011100	9
87	101100100	9
88	101010010	9
89	00001000	8
90	111110011	9
91	100101000	9
92	100100000	9
93	100100010	9
94	111101111	9
95	100101100	9
96	100101110	9
97	101110100	9
98	011100110	9
99	000010010	9
100	100100110	9
101	100011110	9
102	011001111	9
103	011100100	9
104	011001001	9
105	101000000	9
106	100111100	9
107	011111100	9
108	101000110	9
109	101111100	9
110	100100101	9
111	011111000	9
112	100111000	9
113	110100010	9
114	101110010	9
115	110010001	9
116	101111111	9
117	101100110	9
118	100111110	9
119	110010010	9
120	110010101	9
121	101001011	9
122	100101010	9
123	101010110	9
124	100010001	9
125	110110100	9
126	101010000	9
127	011100001	9
33.aifc
-128	110010010	9
-127	11110111110	11
-126	1100111111	10
-125	11110111111	11
-124	111001101	9
-123	0111101000	10
-122	0110100010	10
-121	10010101110	11
-120	111010110	9
-119	1011010010	10
-118	011110011	9
-117	0111101001	10
-116	01111011	8
-115	0110100011	10
-114	000111101	9
-113	11110100110	11
-112	101110110	9
-111	111010111	9
-110	010110000	9
-109	1011010011	10
-108	111011110	9
-107	11110000110	11
-106	000111001	9
-105	111000011110	12
-104	01011011	8
-103	1110110010	10
-102	000010000	9
-101	11001110010	11
-100	01111111	8
-99	11110100010	11
-98	1110111011	10
-97	11110100111	11
-96	110011010	9
-95	101110111	9
-94	0110101110	10
-93	11111101010	11
-92	01011001	8
-91	010110001	9
-90	001011100	9
-89	11110001110	11
-88	111101011	9
-87	111011111	9
-86	010001101	9
-85	11110000111	11
-84	111001110	9
-83	1111000100	10
-82	1110001010	10
-81	111000011111	12
-80	01101111	8
-79	1001011011	10
-78	100101100	9
-77	1110110011	10
-76	01001111	8
-75	000010001	9
-74	100011110	9
-73	11001110011	11
-72	01100110	8
-71	010111010	9
-70	010111011	9
-69	11110100011	11
-68	01101001	8
-67	1100111011	10
-66	011110000	9
-65	11100101111	11
-64	01111110	8
-63	110011011	9
-62	011111011	9
-61	11101000111	11
-60	10010100	8
-59	0110101111	10
-58	100011001	9
-57	11111101011	11
-56	10000101	8
-55	011000000	9
-54	011000001	9
-53	1111110100	10
-52	10110001	8
-51	001011101	9
-50	101101100	9
-49	1111000110	10
-48	00001110	8
-47	010000000	9
-46	010000011	9
-45	010001100	9
-44	10010010	8
-43	010001110	9
-42	010001111	9
-41	1000101010	10
-40	10000010	8
-39	111001111	9
-38	000000111	9
-37	1111000101	10
-36	10110000	8
-35	1110001011	10
-34	011111001	9
-33	1111011101	10
-32	11001010	8
-31	110000010	9
-30	110000011	9
-29	1100000010	10
-28	10111010	8
-27	001011010	9
-26	00101100	8
-25	100011111	9
-24	11101101	8
-23	00001010	8
-22	00001011	8
-21	111011000	9
-20	11111110	8
-19	00001001	8
-18	01001110	8
-17	1110010011	10
-16	0010000	7
-15	01100111	8
-14	11001000	8
-13	01011100	8
-12	0101111	7
-11	11101001	8
-10	0010001	7
-9	0010011	7
-8	1111100	7
-7	1111001	7
-6	000110	6
-5	001010	6
-4	100111	6
-3	110001	6
-2	00010	5
-1	01010	5
0	1101	4
1	1010	4
2	0011	4
3	01110	5
4	101111	6
5	010010	6
6	000001	6
7	1011001	7
8	1111101	7
9	1000100	7
10	1001000	7
11	11111100	8
12	1011100	7
13	0000000	7
14	11111111	8
15	10001110	8
16	0100110	7
17	01101110	8
18	10011011	8
19	01000010	8
20	0010010	7
21	01000011	8
22	10011010	8
23	111000001	9
24	11110110	8
25	01100010	8
26	00101111	8
27	111000000	9
28	11101010	8
29	101101101	9
30	111111011	9
31	000111011	9
32	11001011	8
33	00001111	8
34	01000100	8
35	010000001	9
36	11000010	8
37	110011000	9
38	110011001	9
39	010000010	9
40	10110111	8
41	111101010	9
42	00001100	8
43	111000110	9
44	10000110	8
45	111011100	9
46	00000010	8
47	1000101011	10
48	10011000	8
49	111000100	9
50	111100000	9
51	000000110	9
52	10010011	8
53	011111000	9
54	101101000	9
55	1011010110	10
56	10001011	8
57	1011010111	10
58	101101010	9
59	000111000	9
60	10001101	8
61	1111000010	10
62	100010100	9
63	1001010110	10
64	10000100	8
65	000111010	9
66	011110010	9
67	11110001111	11
68	10011001	8
69	111001100	9
70	011111010	9
71	1100000011	10
72	01100100	8
73	110000110	9
74	110000000	9
75	001011011	9
76	01100101	8
77	1100001110	10
78	1100001111	10
79	1001011010	10
80	01011010	8
81	111001000	9
82	111010000	9
83	011010110	9
84	10000111	8
85	1110100010	10
86	100011000	9
87	11101000110	11
88	00001101	8
89	111000010	9
90	111001010	9
91	011010000	9
92	10000001	8
93	100101010	9
94	110011110	9
95	1000000010	10
96	01101100	8
97	100000000	9
98	1000000011	10
99	1110010010	10
100	111000111	9
101	1110000110	10
102	100101110	9
103	1111011110	10
104	10000011	8
105	1100111010	10
106	1110111010	10
107	1111010000	10
108	01100001	8
109	000111100	9
110	011110001	9
111	1100111000	10
112	01100011	8
113	000111110	9
114	011110101	9
115	1111010010	10
116	01101010	8
117	1111011100	10
118	100101111	9
119	11100001110	11
120	01000101	8
121	1100111110	10
122	000111111	9
123	11100101110	11
124	01101101	8
125	10010101111	11
126	1110010110	10
127	110010011	9
34.tsv
9	110000	6
10	110011	6
13	100111	6
35	100110	6
43	0110	4
45	10010	5
46	1011	4
48	111	3
49	010	3
50	0111	4
51	1000	4
52	0000	4
53	11011	5
54	0001	4
55	11010	5
56	0011	4
57	0010	4
69	1010	4
120	110010	6
121	110001	6
35.avi
-128	01100110110	11
-127	01100110111	11
-126	110010110	9
-125	100111011	9
-124	10110111	8
-123	110010111	9
-122	001011001	9
-121	111100100	9
-120	10011111	8
-119	011110110	9
-118	001110100	9
-117	001101000	9
-116	0101111	7
-115	1110100110	10
-114	11100011111	11
-113	111100101	9
-112	1011001111111	13
-111	0111011011	10
-110	0111011010	10
-109	011110111	9
-108	0001101	7
-107	011110101111	12
-106	001110101	9
-105	001101001	9
-104	11101110011	11
-103	11001000100	11
-102	110010001100	12
-101	1110100111	10
-100	100001000	9
-99	10110100011000	14
-98	1011010001001	13
-97	0110000011110	13
-96	011000000	9
-95	001000001	9
-94	00110001	8
-93	11110000101	11
-92	00101001	8
-91	00011100	8
-90	1110001100	10
-89	00111000	8
-88	00111001	8
-87	01111001	8
-86	01111000	8
-85	011110100	9
-84	001110111	9
-83	1011100	7
-82	101010001	9
-81	10110011111011	14
-80	10110011111010	14
-79	11000001	8
-78	0011011011	10
-77	11001000111	11
-76	11001000101	11
-75	0110111	7
-74	110010001101	12
-73	000000111110	12
-72	000000111111	12
-71	100100000	9
-70	100001001	9
-69	1011010001010	13
-68	10110100011001	14
-67	00000000	8
-66	10110100011010	14
-65	0110000011111	13
-64	011000001110	12
-63	01100101	8
-62	011100	6
-61	110010101	9
-60	110010100	9
-59	011001001	9
-58	11100001	8
-57	01001001	8
-56	100101011	9
-55	010010001	9
-54	10101111	8
-53	00011101	8
-52	100011111	9
-51	1110001101	10
-50	1000011	7
-49	00011001	8
-48	101010000	9
-47	001110110	9
-46	00011000	8
-45	0111101010	10
-44	01111010110	11
-43	011110101110	12
-42	10101001	8
-41	10110110	8
-40	10101100	8
-39	10110010	8
-38	11100010	8
-37	101100110	9
-36	1011001110	10
-35	10110011110	11
-34	11111010	8
-32	001111011110	12
-31	11111001111	11
-30	111110010	9
-29	00110111	8
-28	1011000111	10
-27	1011000110	10
-26	001101100	9
-25	10011110	8
-24	01100010	8
-23	110010011	9
-22	110010010	9
-21	011000110	9
-20	10110000	8
-19	110010000	9
-18	011000111	9
-17	1011101	7
-16	0010001	7
-15	000000110	9
-14	0000001110	10
-13	00000011110	11
-12	100111010	9
-11	100100001	9
-10	011001110	9
-9	011001111	9
-8	1011010000	10
-7	1011010001011	13
-6	1011010001000	13
-5	101101000111	12
-4	00000110	8
-3	00000001	8
-2	10110100011011	14
-1	00101101	8
0	1101	4
1	000100011	9
2	00010000	8
3	10000101111	11
4	100100010	9
5	00000101	8
6	10101010	8
7	0010101	7
8	0100101	7
9	1100000011	10
10	10010010	8
11	00100001	8
12	1000110	7
13	00010010	8
14	10010100	8
15	010100	6
16	10100	5
17	011101111	9
18	1010111000	10
19	1010111001	10
20	010101	6
21	11110000111	11
22	111100000	9
23	011101110	9
24	100000	6
25	100011110	9
26	11110000110	11
27	010010000	9
28	011010	6
29	100101010	9
30	1010111010	10
31	1010111011	10
32	001001	6
33	00101000	8
34	011101100	9
35	11110000100	11
36	0010111	7
37	011111	6
38	10011100	8
39	00111110	8
40	00111111	8
41	111001	6
42	11101000	8
43	00000100	8
44	100100011	9
45	111111	6
46	00010011	8
47	011001000	9
48	00110000	8
49	01000	5
50	110000000	9
51	01100001	8
52	1100000010	10
53	111101	6
54	001000000	9
55	1011001111110	13
56	100001010	9
57	00001	5
58	1000010110	10
59	10000101110	11
60	000100010	9
61	110011	6
62	0110000010	10
63	01100000110	11
64	001111011111	12
65	1110110	7
66	101111	6
67	001111010	9
68	00011110	8
69	11101111	8
70	100010	6
71	11100000	8
72	00110010	8
73	01011101	8
74	110001	6
75	101100010	9
76	111011101	9
77	0100110111	10
78	010110	6
79	111010010	9
80	111110000	9
81	000001110	9
82	100110	6
83	1011001111100	13
84	100011100	9
85	0100111	7
86	1110101	7
87	010011010	9
88	1110111000	10
89	0100110110	10
90	000101	6
91	0011011010	10
92	11101110010	11
93	1111100110	10
94	1001011	7
95	0011110110	10
96	00111101110	11
97	11111001110	11
98	10110101	8
99	0110110	7
100	11110011	8
101	00000010	8
102	11111011	8
103	1100001	7
104	10010011	8
105	00110011	8
106	000001111	9
107	10101101	8
108	01001100	8
109	101101001	9
110	111100011	9
111	10101011	8
112	00011111	8
113	1110001110	10
114	010111000	9
115	0111010	7
116	00110101	8
117	1111000100	10
118	010111001	9
119	100011101	9
120	1111000101	10
121	11100011110	11
122	001011000	9
123	111110001	9
124	011001100	9
125	0110011010	10
126	001111000	9
127	001111001	9
4.gz
-127	10010110	8
-126	10101101	8
-125	0100001	7
-123	01111	5
-122	0000011	7
-119	0100110	7
-118	10011101	8
-117	010101	6
-116	010110	6
-115	11010101	8
-114	0000111	7
-112	0100111	7
-111	0110101	7
-110	1111110	7
-107	11110110	8
-106	0101110	7
-105	0101111	7
-103	010100	6
-102	01110	5
-100	11011011	8
-99	11000111	8
-98	101001111	9
-96	0110010	7
-95	0110100	7
-94	00101	5
-92	0110000	7
-91	1111100	7
-87	1111111	7
-84	10011111	8
-83	11110111	8
-82	1010111	7
-79	110100	6
-78	111010	6
-76	101100	6
-75	100010	6
-74	100100	6
-71	101000	6
-70	101010	6
-68	100110	6
-67	0110110	7
-66	10110101	8
-62	11100110	8
-56	11001010	8
-55	111011110	9
-52	11011111	8
-48	0110011	7
-47	0100000	7
-46	1101011	7
-44	00100	5
-36	1110110	7
-30	1010010	7
-28	0110001	7
-25	10011100	8
-14	1111101	7
-4	00011	5
0	0011	4
3	10011110	8
8	010010	6
10	000100	6
11	10111010	8
13	10111011	8
18	111000	6
20	1111010	7
23	1110010	7
26	10100110	8
30	11101110	8
31	000010	6
34	1111000	7
44	1100100	7
46	1000110	7
47	110000	6
50	1100010	7
60	1101100	7
66	1001010	7
68	000000	6
71	1100110	7
74	1101110	7
76	1011110	7
78	1011100	7
84	0110111	7
85	10110100	8
86	10001111	8
93	11000110	8
94	010001	6
95	11100111	8
97	11001011	8
98	11110011	8
99	111011111	9
100	11011110	8
101	101001110	9
102	0000110	7
106	11110010	8
108	1100111	7
109	1011011	7
110	1011111	7
111	10001110	8
116	10000	5
117	000101	6
120	11011010	8
122	11010100	8
124	0000010	7
125	10101100	8
126	10010111	8
5.hpgl
10	0011110100	10
27	00111101110	11
44	01	2
45	1110	4
46	00111101111	11
48	000	3
49	100	3
50	1111	4
51	1010	4
52	11001	5
53	001001	6
54	10110	5
55	11010	5
56	11000	5
57	00110	5
58	001110	6
59	10111	5
64	001010	6
65	0010110	7
68	00101111	8
73	001000	6
74	00101110	8
75	00111110	8
77	001111110	9
78	0011111110	10
80	11011	5
82	00111100	8
83	0011110110	10
85	0011111111	10
89	0011110101	10
6.ma
6	101100100101100	15
9	101100100101101	15
10	0011	4
23	10110010010111111	17
24	10110010010111110	17
32	110	3
33	10111110	8
34	1011001001010	13
37	1011001001100	13
39	101100100101110	15
40	0111111101	10
41	101110	6
42	1011110	7
43	10111111	8
44	0010	4
45	101100101	9
46	1010	4
47	1011001001101	13
48	1001	4
49	0110	4
50	0101	4
51	0001	4
52	11110	5
53	0100	4
54	11111	5
55	11101	5
56	11100	5
57	101101	6
58	1000100	7
59	1000110	7
60	10001110	8
61	000001111110110	15
62	000001111110100	15
65	100011110	9
66	1000111110	10
67	10110010011110	14
68	101100100111110	15
69	0000010	7
70	10001010	8
71	0000000	7
72	100010110	9
73	00000110	8
74	000001110	9
75	1000101110	10
76	100000	6
77	0000100	7
78	00001010	8
79	000010110	9
80	0000001	7
82	101100010	9
83	0000101110	10
84	101100000	9
85	00001011110	11
86	000010111110	12
87	0000101111110	13
88	00001011111110	14
89	000010111111110	15
90	0000101111111110	16
91	0000011110	10
92	00000111110	11
93	101100110	9
94	1011001110	10
95	10110011110	11
96	000001111110111	15
97	0000101111111111	16
98	000001111110101	15
99	10001011110	11
100	0000011111110	13
101	011101	6
102	0000011111111	13
103	0000011111100	13
104	100010111111	12
105	10001111110	11
106	101100100111111	15
107	1011001001110	13
108	100010111110	12
109	101100001	9
110	10001111111	11
111	101100011	9
112	100001	6
113	101100100100	12
114	000011	6
115	011100	6
116	011110	6
117	01111100	8
118	1011001000	10
119	10110011111	11
120	011111111	9
121	0111111100	10
122	1011001001011110	16
123	01111101	8
125	01111110	8
7.pdf
10	11001111111110	14
13	1101011	7
32	110111	6
33	0100110	7
34	0111111	7
35	1100000	7
36	1100010	7
37	1110011	7
38	0100111	7
39	1000111	7
40	1000110	7
41	1100011	7
42	1100001	7
43	1111110	7
44	1111100	7
45	1010110	7
46	000001	6
47	011001	6
48	01011	5
49	001011	6
50	010001	6
51	001110	6
52	100111	6
53	101111	6
54	101110	6
55	101101	6
56	101100	6
57	1111111	7
58	1111101	7
59	110110	6
60	110100	6
61	1010111	7
62	1111001	7
63	0001010	7
64	0001011	7
65	001010	6
66	1110000	7
67	000110	6
68	000111	6
69	1110110	7
70	001100	6
71	0101010	7
72	0101011	7
73	010000	6
74	001111	6
75	0111011	7
76	1010010	7
77	101010	6
78	101000	6
79	011100	6
80	1010011	7
81	0111010	7
82	100110	6
83	100010	6
84	100100	6
85	100000	6
86	010010	6
87	011110	6
88	011010	6
89	010100	6
90	000100	6
91	1000010	7
92	1000011	7
93	0110111	7
94	0110110	7
95	1001010	7
96	1001011	7
97	000011	6
98	1100101	7
99	1111010	7
100	000010	6
101	011000	6
102	1110100	7
103	1110001	7
104	1111000	7
105	001000	6
106	1111011	7
107	1100100	7
108	000000	6
109	1110111	7
110	001101	6
111	001001	6
112	1110010	7
113	0111110	7
114	1110101	7
115	1101010	7
116	1100110	7
117	11001110	8
118	110011110	9
119	1100111110	10
120	11001111110	11
121	110011111110	12
122	1100111111110	13
126	11001111111111	14
8.sgml
10	101010110	9
32	11000	5
33	001111111110111111	18
34	1101101	7
38	11001	5
39	0011111111101100	16
40	00111111111011110	17
41	1101110	7
44	1101111	7
45	1101100	7
46	11010	5
47	0011111110110	13
48	0011111111101110	16
49	001111111110110100	18
50	101010010	9
51	0010	4
52	11110	5
53	00110	5
54	001110	6
55	0011110	7
56	00111110	8
57	001111110	9
58	11100	5
59	0011111110111	13
60	01111110	8
61	0011111111100110	16
62	0101110	7
63	001111111110110101	18
64	001111111110110110	18
65	00011101	8
66	101010001	9
67	00111111110	11
68	01110	5
69	00000	5
70	011110	6
71	1110100	7
72	01000	5
73	00010	5
74	010010	6
75	000110	6
76	1111110	7
77	00111111100	11
78	0100110	7
79	11111110	8
80	1110110	7
81	01001110	8
82	001111111010	12
83	011111011	9
84	01111100	8
85	01111111	8
86	011111010	9
87	001111111110010	15
88	0011111111100111	16
89	010110	6
91	0101111	7
93	0011111111101101110	19
96	0011111111101101111	19
97	111110	6
98	0011111111111	13
99	01010	5
100	0001111	7
101	1011	4
102	0011111111110	13
103	100000	6
104	10001	5
105	00001	5
106	10101010	8
107	00111111111000	14
108	10100	5
109	010011110	9
110	1110101	7
111	0110	4
112	101011	6
113	101010000	9
114	11111111	8
115	1110111	7
116	1001	4
117	010011111	9
118	00111111111010	14
119	100001	6
120	101010011	9
121	00011100	8
122	001111111110111110	18
126	101010111	9
9.htm
9	00101111110	11
10	1100110	7
13	11110100	8
32	0011	4
34	1100111	7
35	11110101	8
37	1111011	7
38	100110	6
39	000010	6
40	0111011000	10
41	0111011001	10
42	1111000010	10
43	1111000011	10
44	1111001110	10
45	11110010	8
46	100111	6
47	10010	5
48	00000	5
49	000011	6
50	01010	5
51	011101110	9
52	1100100110	10
53	1100101	7
54	11110001	8
55	111100000	9
56	01011111	8
57	01011100	8
58	111100110	9
59	1111001111	10
60	10111	5
61	11100	5
62	10110	5
63	010010	6
65	011100	6
66	010000	6
67	0100110	7
68	0100111	7
69	0100010	7
70	110110	6
71	000100	6
72	001000	6
73	11001000	8
74	011101111	9
75	1100100111	10
76	011101101	9
77	1010111110	10
78	1010111111	10
79	0010010	7
80	011110	6
81	01011110	8
82	0111010	7
83	0010011	7
84	11010	5
85	1010101111111110	16
86	01011101	8
87	10101010	8
88	101010110	9
89	1010101110	10
90	10101011110	11
91	101010111110	12
93	1010101111110	13
95	10101011111110	14
96	101010111111110	15
97	11101	5
98	1010101111111111	16
99	110111	6
100	1010100	7
101	0110	4
102	000101	6
103	101000	6
104	0100011	7
105	00011	5
106	10101110	8
107	101011110	9
108	11000	5
109	1010110	7
110	10001	5
111	101001	6
112	010110	6
113	110010010	9
114	10000	5
115	011111	6
116	11111	5
117	001010	6
118	0010110	7
119	00101110	8
120	001011110	9
121	0010111110	10
122	00101111111	11
