1.txt
0	1	2	3	4	5	6	7	8	9	10	11	12	13	14	15	16	17	18	19	20	21	22	23	24	25	26	27	28	29	30	31	32	33	34	35	36	37	38	39	40	41	42	43	44	45	46	47	48	49	50	51	52	53	54	55	56	57	58	59	60	61	62	63	64	65	66	67	68	69	70	71	72	73	74	75	76	77	78	79	80	81	82	83	84	85	86	87	88	89	90	91	92	93	94	95	96	97	98	99	100	101	102	103	104	105	106	107	108	109	110	111	112	113	114	115	116	117	118	119	120	121	122	123	124	125	126	127	128	129	130	131	132	133	134	135	136	137	138	139	140	141	142	143	144	145	146	147	148	149	150	151	152	153	154	155	156	157	158	159	160	161	162	163	164	165	166	167	168	169	170	171	172	173	174	175	176	177	178	179	180	181	182	183	184	185	186	187	188	189	190	191	192	193	194	195	196	197	198	199	200	201	202	203	204	205	206	207	208	209	210	211	212	213	214	215	216	217	218	219	220	221	222	223	224	225	226	227	228	229	230	231	232	233	234	235	236	237	238	239	240	241	242	243	244	245	246	247	248	249	250	251	252	253	254	255	
0	0	0	0	0	0	0	0	0	0	33235	0	0	33235	0	0	0	0	0	0	0	0	0	0	0	0	0	0	0	0	0	0	341099	1719	13959	0	0	0	0	6655	149	149	0	0	31544	2529	19904	0	4	9	6	4	1	2	3	6	7	0	484	1788	0	0	0	2373	0	5283	1568	693	920	441	441	520	2067	6614	93	1248	2143	1007	888	925	1126	21	312	2849	2863	48	1545	1870	300	1059	34	4	0	4	0	0	0	119314	19851	33432	67942	185420	30690	32703	104604	105197	1341	14414	58818	33396	109860	113202	22538	1392	79458	95309	135597	39784	18714	35422	3419	29599	1085	0	0	0	0	0	0	0	0	0	0	0	0	0	0	0	0	0	0	0	0	0	0	0	0	0	0	0	0	0	0	0	0	0	0	0	0	0	0	0	0	0	0	0	0	0	0	0	0	0	0	0	0	0	0	0	0	0	0	0	0	0	0	0	0	0	0	0	0	0	0	0	0	0	0	0	0	0	0	0	0	0	0	0	0	0	0	0	0	0	0	0	0	0	0	0	0	0	0	0	0	0	0	0	0	0	0	0	0	0	0	0	0	0	0	0	0	0	0	0	0	0	0	0	0	0	0	0	0	0	0	0	0	0	
10.cgm
0	1	2	3	4	5	6	7	8	9	10	11	12	13	14	15	16	17	18	19	20	21	22	23	24	25	26	27	28	29	30	31	32	33	34	35	36	37	38	39	40	41	42	43	44	45	46	47	48	49	50	51	52	53	54	55	56	57	58	59	60	61	62	63	64	65	66	67	68	69	70	71	72	73	74	75	76	77	78	79	80	81	82	83	84	85	86	87	88	89	90	91	92	93	94	95	96	97	98	99	100	101	102	103	104	105	106	107	108	109	110	111	112	113	114	115	116	117	118	119	120	121	122	123	124	125	126	127	128	129	130	131	132	133	134	135	136	137	138	139	140	141	142	143	144	145	146	147	148	149	150	151	152	153	154	155	156	157	158	159	160	161	162	163	164	165	166	167	168	169	170	171	172	173	174	175	176	177	178	179	180	181	182	183	184	185	186	187	188	189	190	191	192	193	194	195	196	197	198	199	200	201	202	203	204	205	206	207	208	209	210	211	212	213	214	215	216	217	218	219	220	221	222	223	224	225	226	227	228	229	230	231	232	233	234	235	236	237	238	239	240	241	242	243	244	245	246	247	248	249	250	251	252	253	254	255	
869	135	133	94	137	101	116	66	96	47	105	57	84	110	100	102	134	70	91	59	239	78	84	50	105	69	127	86	155	105	113	112	100	53	92	48	113	7	33	2	60	17	24	2	54	4	49	3	31	3	36	2	42	3	33	2	44	1	21	1	47	2	41	17	276	38	31	6	25	3	55	11	33	7	35	2	32	5	44	8	60	9	251	6	46	16	39	2	36	2	39	2	50	5	42	3	33	8	45	3	24	6	41	5	55	6	34	4	37	4	31	6	44	7	32	5	28	1	36	0	24	1	43	0	50	1	20	9	34	9	25	2	50	1	51	1	25	1	30	0	34	2	38	4	32	4	31	3	26	2	46	5	31	5	26	4	41	0	20	4	29	3	43	3	44	3	39	1	45	3	43	1	35	0	30	12	30	0	33	5	45	1	35	0	41	0	38	0	30	5	24	4	40	5	35	1	38	4	22	9	44	0	78	34	42	3	41	14	47	19	44	28	94	32	43	31	73	28	63	35	64	21	40	9	72	205	41	7	47	5	60	17	59	16	26	81	84	48	64	101	107	67	154	89	66	58	95	56	79	80	124	72	150	50	126	299	
11.g3f
0	1	2	3	4	5	6	7	8	9	10	11	12	13	14	15	16	17	18	19	20	21	22	23	24	25	26	27	28	29	30	31	32	33	34	35	36	37	38	39	40	41	42	43	44	45	46	47	48	49	50	51	52	53	54	55	56	57	58	59	60	61	62	63	64	65	66	67	68	69	70	71	72	73	74	75	76	77	78	79	80	81	82	83	84	85	86	87	88	89	90	91	92	93	94	95	96	97	98	99	100	101	102	103	104	105	106	107	108	109	110	111	112	113	114	115	116	117	118	119	120	121	122	123	124	125	126	127	128	129	130	131	132	133	134	135	136	137	138	139	140	141	142	143	144	145	146	147	148	149	150	151	152	153	154	155	156	157	158	159	160	161	162	163	164	165	166	167	168	169	170	171	172	173	174	175	176	177	178	179	180	181	182	183	184	185	186	187	188	189	190	191	192	193	194	195	196	197	198	199	200	201	202	203	204	205	206	207	208	209	210	211	212	213	214	215	216	217	218	219	220	221	222	223	224	225	226	227	228	229	230	231	232	233	234	235	236	237	238	239	240	241	242	243	244	245	246	247	248	249	250	251	252	253	254	255	
725	304	164	170	50	154	173	23	32	30	40	149	183	37	16	10	51	11	32	26	38	28	147	23	176	30	24	23	26	21	13	7	51	27	13	13	17	15	25	9	28	11	42	11	138	16	22	5	154	25	27	11	20	6	19	9	25	13	7	9	3	11	5	2	68	44	24	19	24	18	10	14	19	12	19	11	19	8	20	3	52	35	14	8	38	27	18	1	156	23	20	3	22	9	4	1	279	24	22	24	31	20	7	11	26	6	27	2	14	16	8	5	24	20	20	4	7	30	6	1	5	4	14	2	2	5	2	2	298	51	36	34	35	27	23	11	22	26	11	13	22	13	29	5	30	16	15	5	18	19	8	16	10	7	6	4	23	5	3	4	66	25	31	16	11	6	1	5	48	8	21	14	23	7	3	2	139	15	18	16	14	14	12	2	16	12	11	3	4	0	5	1	268	18	18	18	13	14	22	12	34	10	29	11	12	4	13	1	36	7	1	3	38	15	7	1	13	13	8	5	4	8	3	5	12	12	15	11	19	4	5	4	15	3	23	11	9	3	7	3	6	3	0	2	8	7	2	0	7	1	2	2	7	1	3	0	
12.gif
0	1	2	3	4	5	6	7	8	9	10	11	12	13	14	15	16	17	18	19	20	21	22	23	24	25	26	27	28	29	30	31	32	33	34	35	36	37	38	39	40	41	42	43	44	45	46	47	48	49	50	51	52	53	54	55	56	57	58	59	60	61	62	63	64	65	66	67	68	69	70	71	72	73	74	75	76	77	78	79	80	81	82	83	84	85	86	87	88	89	90	91	92	93	94	95	96	97	98	99	100	101	102	103	104	105	106	107	108	109	110	111	112	113	114	115	116	117	118	119	120	121	122	123	124	125	126	127	128	129	130	131	132	133	134	135	136	137	138	139	140	141	142	143	144	145	146	147	148	149	150	151	152	153	154	155	156	157	158	159	160	161	162	163	164	165	166	167	168	169	170	171	172	173	174	175	176	177	178	179	180	181	182	183	184	185	186	187	188	189	190	191	192	193	194	195	196	197	198	199	200	201	202	203	204	205	206	207	208	209	210	211	212	213	214	215	216	217	218	219	220	221	222	223	224	225	226	227	228	229	230	231	232	233	234	235	236	237	238	239	240	241	242	243	244	245	246	247	248	249	250	251	252	253	254	255	
334	12	11	5	7	4	1	5	9	7	8	5	13	9	6	5	9	12	5	18	11	16	17	12	14	19	11	12	9	10	5	7	6	6	12	2	5	9	5	2	6	9	8	6	7	9	7	3	4	14	8	3	8	9	8	13	7	12	8	11	6	7	2	3	4	8	4	7	10	10	7	12	4	12	9	6	10	11	5	6	7	11	6	7	9	10	15	15	12	16	8	6	6	9	5	8	14	18	11	4	6	10	9	11	10	20	15	22	14	21	13	14	5	15	5	8	13	12	12	16	9	21	7	5	3	19	3	6	5	7	8	5	8	8	5	6	7	14	11	4	11	9	9	5	14	16	15	12	16	16	18	17	12	18	19	17	7	10	10	6	10	8	15	2	8	9	5	4	7	10	10	3	7	11	10	5	9	12	8	4	14	5	10	7	13	12	15	6	10	4	8	4	6	10	7	14	14	12	15	12	9	9	18	17	14	15	16	14	11	13	9	11	17	15	21	21	11	18	14	7	11	9	12	5	16	15	14	4	7	6	7	3	7	14	13	10	8	10	11	9	11	16	13	6	12	4	14	8	10	20	9	6	6	18	25	93	
13.jpg
0	1	2	3	4	5	6	7	8	9	10	11	12	13	14	15	16	17	18	19	20	21	22	23	24	25	26	27	28	29	30	31	32	33	34	35	36	37	38	39	40	41	42	43	44	45	46	47	48	49	50	51	52	53	54	55	56	57	58	59	60	61	62	63	64	65	66	67	68	69	70	71	72	73	74	75	76	77	78	79	80	81	82	83	84	85	86	87	88	89	90	91	92	93	94	95	96	97	98	99	100	101	102	103	104	105	106	107	108	109	110	111	112	113	114	115	116	117	118	119	120	121	122	123	124	125	126	127	128	129	130	131	132	133	134	135	136	137	138	139	140	141	142	143	144	145	146	147	148	149	150	151	152	153	154	155	156	157	158	159	160	161	162	163	164	165	166	167	168	169	170	171	172	173	174	175	176	177	178	179	180	181	182	183	184	185	186	187	188	189	190	191	192	193	194	195	196	197	198	199	200	201	202	203	204	205	206	207	208	209	210	211	212	213	214	215	216	217	218	219	220	221	222	223	224	225	226	227	228	229	230	231	232	233	234	235	236	237	238	239	240	241	242	243	244	245	246	247	248	249	250	251	252	253	254	255	
236	97	102	118	98	84	76	106	91	84	112	63	81	77	78	104	141	85	86	79	95	105	65	62	87	91	105	69	79	77	93	78	83	78	82	115	119	92	65	75	86	103	125	73	62	73	82	74	82	87	86	71	97	95	55	75	85	90	74	72	82	79	77	78	68	114	72	81	68	89	87	106	98	93	96	75	76	103	99	76	86	119	123	99	119	103	93	74	94	88	97	94	68	87	70	67	63	66	66	99	65	90	74	66	96	109	113	77	71	92	88	68	81	88	90	83	89	88	88	66	87	103	82	80	67	80	73	58	85	82	84	65	67	69	75	62	82	77	80	57	74	86	91	78	83	94	118	111	92	115	96	70	74	74	97	88	83	78	109	56	75	110	88	78	115	109	101	80	109	100	132	94	85	91	72	64	63	71	91	76	100	106	87	66	78	72	92	65	96	60	64	47	81	59	67	61	87	66	79	97	65	70	96	82	80	69	59	71	82	75	84	86	95	85	76	72	56	85	88	92	71	83	83	53	75	81	78	75	83	90	69	68	55	81	93	86	61	73	63	68	66	63	65	64	73	83	89	71	59	72	66	87	51	80	64	71	
14.png
0	1	2	3	4	5	6	7	8	9	10	11	12	13	14	15	16	17	18	19	20	21	22	23	24	25	26	27	28	29	30	31	32	33	34	35	36	37	38	39	40	41	42	43	44	45	46	47	48	49	50	51	52	53	54	55	56	57	58	59	60	61	62	63	64	65	66	67	68	69	70	71	72	73	74	75	76	77	78	79	80	81	82	83	84	85	86	87	88	89	90	91	92	93	94	95	96	97	98	99	100	101	102	103	104	105	106	107	108	109	110	111	112	113	114	115	116	117	118	119	120	121	122	123	124	125	126	127	128	129	130	131	132	133	134	135	136	137	138	139	140	141	142	143	144	145	146	147	148	149	150	151	152	153	154	155	156	157	158	159	160	161	162	163	164	165	166	167	168	169	170	171	172	173	174	175	176	177	178	179	180	181	182	183	184	185	186	187	188	189	190	191	192	193	194	195	196	197	198	199	200	201	202	203	204	205	206	207	208	209	210	211	212	213	214	215	216	217	218	219	220	221	222	223	224	225	226	227	228	229	230	231	232	233	234	235	236	237	238	239	240	241	242	243	244	245	246	247	248	249	250	251	252	253	254	255	
203	26	3	3	3	3	3	3	2	1	4	2	2	5	0	2	4	23	3	2	2	3	2	2	0	1	4	3	1	3	3	2	4	3	25	2	3	4	2	2	1	0	7	2	2	0	0	1	3	5	8	24	1	1	1	3	6	3	3	4	5	1	2	1	0	3	4	2	30	3	1	4	6	4	4	3	3	2	4	0	3	0	1	3	2	22	1	1	1	4	1	2	0	1	1	2	1	1	1	2	2	2	24	3	1	2	1	3	2	0	1	0	3	1	1	5	1	0	0	23	5	1	0	2	2	0	2	0	0	2	1	3	0	0	4	3	26	4	4	4	4	3	2	0	3	3	2	5	1	2	4	1	3	22	5	2	4	3	1	2	2	2	3	5	6	2	2	1	4	2	24	1	4	1	3	1	1	3	4	0	4	0	0	1	3	2	22	1	4	0	1	2	2	2	2	2	8	5	2	1	4	2	4	24	4	2	2	3	2	2	1	2	2	0	2	1	0	3	2	1	28	0	1	1	1	0	1	2	4	2	3	0	3	1	0	0	2	22	0	1	2	3	4	4	1	2	0	4	2	2	1	1	2	2	24	177	
15.ps
0	1	2	3	4	5	6	7	8	9	10	11	12	13	14	15	16	17	18	19	20	21	22	23	24	25	26	27	28	29	30	31	32	33	34	35	36	37	38	39	40	41	42	43	44	45	46	47	48	49	50	51	52	53	54	55	56	57	58	59	60	61	62	63	64	65	66	67	68	69	70	71	72	73	74	75	76	77	78	79	80	81	82	83	84	85	86	87	88	89	90	91	92	93	94	95	96	97	98	99	100	101	102	103	104	105	106	107	108	109	110	111	112	113	114	115	116	117	118	119	120	121	122	123	124	125	126	127	128	129	130	131	132	133	134	135	136	137	138	139	140	141	142	143	144	145	146	147	148	149	150	151	152	153	154	155	156	157	158	159	160	161	162	163	164	165	166	167	168	169	170	171	172	173	174	175	176	177	178	179	180	181	182	183	184	185	186	187	188	189	190	191	192	193	194	195	196	197	198	199	200	201	202	203	204	205	206	207	208	209	210	211	212	213	214	215	216	217	218	219	220	221	222	223	224	225	226	227	228	229	230	231	232	233	234	235	236	237	238	239	240	241	242	243	244	245	246	247	248	249	250	251	252	253	254	255	
0	0	0	0	0	0	0	0	0	0	2926	0	0	2265	0	0	0	0	0	0	0	0	0	0	0	0	0	0	0	0	0	0	12808	2	0	1	1	68	0	0	212	212	0	0	11	1103	29	589	10300	6574	4688	5518	6068	4591	3910	3892	4125	3963	18	0	0	3	0	0	0	3345	3392	3292	3993	3350	3325	273	13	15	0	0	11	575	10	16	33	0	11	36	25	13	4	7	9	1	0	9	0	9	0	161	0	544	386	885	531	1021	1017	190	118	425	17	43	526	139	363	345	783	46	420	713	454	223	71	67	143	93	5	143	0	143	0	0	0	0	0	0	0	0	0	0	0	0	0	0	0	0	0	0	0	0	0	0	0	0	0	0	0	0	0	0	0	0	0	0	0	0	0	0	0	0	0	0	0	0	0	0	0	0	0	0	0	0	0	0	0	0	0	0	0	0	0	0	0	0	0	0	0	0	0	0	0	0	0	0	0	0	0	0	0	0	0	0	0	0	0	0	0	0	0	0	0	0	0	0	0	0	0	0	0	0	0	0	0	0	0	0	0	0	0	0	0	0	0	0	0	0	0	0	0	0	0	0	0	0	0	0	0	0	0	0	
16.svg
0	1	2	3	4	5	6	7	8	9	10	11	12	13	14	15	16	17	18	19	20	21	22	23	24	25	26	27	28	29	30	31	32	33	34	35	36	37	38	39	40	41	42	43	44	45	46	47	48	49	50	51	52	53	54	55	56	57	58	59	60	61	62	63	64	65	66	67	68	69	70	71	72	73	74	75	76	77	78	79	80	81	82	83	84	85	86	87	88	89	90	91	92	93	94	95	96	97	98	99	100	101	102	103	104	105	106	107	108	109	110	111	112	113	114	115	116	117	118	119	120	121	122	123	124	125	126	127	128	129	130	131	132	133	134	135	136	137	138	139	140	141	142	143	144	145	146	147	148	149	150	151	152	153	154	155	156	157	158	159	160	161	162	163	164	165	166	167	168	169	170	171	172	173	174	175	176	177	178	179	180	181	182	183	184	185	186	187	188	189	190	191	192	193	194	195	196	197	198	199	200	201	202	203	204	205	206	207	208	209	210	211	212	213	214	215	216	217	218	219	220	221	222	223	224	225	226	227	228	229	230	231	232	233	234	235	236	237	238	239	240	241	242	243	244	245	246	247	248	249	250	251	252	253	254	255	
0	0	0	0	0	0	0	0	0	28	121	0	0	121	0	0	0	0	0	0	0	0	0	0	0	0	0	0	0	0	0	0	465	14	410	23	0	4	0	0	0	0	0	0	15	92	64	57	193	80	50	37	42	66	36	7	35	15	55	78	74	203	74	2	0	4	3	12	10	4	13	4	0	2	0	0	16	19	21	2	3	1	3	14	30	1	6	1	14	2	0	0	0	0	0	0	0	166	59	81	62	277	58	44	36	201	1	33	113	79	106	122	59	0	168	125	304	77	14	29	34	89	4	0	0	0	0	0	0	0	0	0	0	0	0	0	0	0	0	0	0	0	0	0	0	0	0	0	0	0	0	0	0	0	0	0	0	0	0	0	0	0	0	0	0	0	0	0	0	0	0	0	0	0	0	0	0	0	0	0	0	0	0	0	0	0	0	0	0	0	0	0	0	0	0	0	0	0	0	0	0	0	0	0	0	0	0	0	0	0	0	0	0	0	0	0	0	0	0	0	0	0	0	0	0	0	0	0	0	0	0	0	0	0	0	0	0	0	0	0	0	0	0	0	0	0	0	0	0	0	0	0	0	0	0	0	
17.tif
0	1	2	3	4	5	6	7	8	9	10	11	12	13	14	15	16	17	18	19	20	21	22	23	24	25	26	27	28	29	30	31	32	33	34	35	36	37	38	39	40	41	42	43	44	45	46	47	48	49	50	51	52	53	54	55	56	57	58	59	60	61	62	63	64	65	66	67	68	69	70	71	72	73	74	75	76	77	78	79	80	81	82	83	84	85	86	87	88	89	90	91	92	93	94	95	96	97	98	99	100	101	102	103	104	105	106	107	108	109	110	111	112	113	114	115	116	117	118	119	120	121	122	123	124	125	126	127	128	129	130	131	132	133	134	135	136	137	138	139	140	141	142	143	144	145	146	147	148	149	150	151	152	153	154	155	156	157	158	159	160	161	162	163	164	165	166	167	168	169	170	171	172	173	174	175	176	177	178	179	180	181	182	183	184	185	186	187	188	189	190	191	192	193	194	195	196	197	198	199	200	201	202	203	204	205	206	207	208	209	210	211	212	213	214	215	216	217	218	219	220	221	222	223	224	225	226	227	228	229	230	231	232	233	234	235	236	237	238	239	240	241	242	243	244	245	246	247	248	249	250	251	252	253	254	255	
1190	78	48	55	51	49	54	47	51	45	94	45	132	46	46	46	47	91	90	49	45	90	48	47	90	44	90	91	45	88	48	47	89	45	46	46	89	46	44	45	91	46	134	90	95	46	46	46	90	45	133	44	90	46	46	89	47	47	47	90	45	89	90	90	45	46	90	46	46	45	92	45	92	92	90	46	44	45	47	88	50	44	93	47	46	89	46	46	88	45	44	45	45	48	46	92	45	46	45	45	45	45	89	44	47	46	46	45	48	45	46	46	45	46	44	47	45	134	45	46	47	46	46	45	45	45	47	45	91	88	91	45	45	91	46	46	90	91	89	46	44	91	45	90	89	90	91	47	47	45	89	47	45	45	44	45	46	44	46	49	89	46	46	90	89	45	45	89	44	46	46	46	94	89	90	46	88	47	88	44	45	47	89	90	47	47	90	46	44	45	45	45	46	89	47	45	46	47	91	89	89	47	46	132	89	89	46	45	47	47	45	90	90	46	47	45	45	46	46	45	89	46	45	48	88	98	38	47	46	88	89	89	91	46	46	49	46	45	46	45	47	44	45	88	90	46	46	1	3	2	3	0	1	1	1	109	
18.xbm
0	1	2	3	4	5	6	7	8	9	10	11	12	13	14	15	16	17	18	19	20	21	22	23	24	25	26	27	28	29	30	31	32	33	34	35	36	37	38	39	40	41	42	43	44	45	46	47	48	49	50	51	52	53	54	55	56	57	58	59	60	61	62	63	64	65	66	67	68	69	70	71	72	73	74	75	76	77	78	79	80	81	82	83	84	85	86	87	88	89	90	91	92	93	94	95	96	97	98	99	100	101	102	103	104	105	106	107	108	109	110	111	112	113	114	115	116	117	118	119	120	121	122	123	124	125	126	127	128	129	130	131	132	133	134	135	136	137	138	139	140	141	142	143	144	145	146	147	148	149	150	151	152	153	154	155	156	157	158	159	160	161	162	163	164	165	166	167	168	169	170	171	172	173	174	175	176	177	178	179	180	181	182	183	184	185	186	187	188	189	190	191	192	193	194	195	196	197	198	199	200	201	202	203	204	205	206	207	208	209	210	211	212	213	214	215	216	217	218	219	220	221	222	223	224	225	226	227	228	229	230	231	232	233	234	235	236	237	238	239	240	241	242	243	244	245	246	247	248	249	250	251	252	253	254	255	
0	0	0	0	0	0	0	0	0	0	33	0	0	0	0	0	0	0	0	0	0	0	0	0	0	0	0	0	0	0	0	0	390	0	0	2	0	0	0	0	0	0	0	0	350	0	0	0	930	16	2	14	19	2	0	2	19	3	0	1	0	1	0	0	0	0	0	0	0	0	0	0	0	0	0	0	0	0	0	0	0	0	0	0	0	0	0	0	0	0	0	1	0	1	0	3	0	5	4	12	8	24	29	2	7	10	0	0	3	3	4	0	0	0	1	3	5	1	0	1	350	0	0	1	0	1	0	0	0	0	0	0	0	0	0	0	0	0	0	0	0	0	0	0	0	0	0	0	0	0	0	0	0	0	0	0	0	0	0	0	0	0	0	0	0	0	0	0	0	0	0	0	0	0	0	0	0	0	0	0	0	0	0	0	0	0	0	0	0	0	0	0	0	0	0	0	0	0	0	0	0	0	0	0	0	0	0	0	0	0	0	0	0	0	0	0	0	0	0	0	0	0	0	0	0	0	0	0	0	0	0	0	0	0	0	0	0	0	0	0	0	0	0	0	0	0	0	0	0	0	0	0	0	0	0	0	
19.msh
0	1	2	3	4	5	6	7	8	9	10	11	12	13	14	15	16	17	18	19	20	21	22	23	24	25	26	27	28	29	30	31	32	33	34	35	36	37	38	39	40	41	42	43	44	45	46	47	48	49	50	51	52	53	54	55	56	57	58	59	60	61	62	63	64	65	66	67	68	69	70	71	72	73	74	75	76	77	78	79	80	81	82	83	84	85	86	87	88	89	90	91	92	93	94	95	96	97	98	99	100	101	102	103	104	105	106	107	108	109	110	111	112	113	114	115	116	117	118	119	120	121	122	123	124	125	126	127	128	129	130	131	132	133	134	135	136	137	138	139	140	141	142	143	144	145	146	147	148	149	150	151	152	153	154	155	156	157	158	159	160	161	162	163	164	165	166	167	168	169	170	171	172	173	174	175	176	177	178	179	180	181	182	183	184	185	186	187	188	189	190	191	192	193	194	195	196	197	198	199	200	201	202	203	204	205	206	207	208	209	210	211	212	213	214	215	216	217	218	219	220	221	222	223	224	225	226	227	228	229	230	231	232	233	234	235	236	237	238	239	240	241	242	243	244	245	246	247	248	249	250	251	252	253	254	255	
92633	5514	4048	3597	3334	3175	3319	3384	2877	2823	1337	188	238	172	262	156	395	356	174	129	275	111	270	219	310	222	208	202	180	155	404	217	435	171	210	157	321	457	818	356	173	160	242	347	195	215	206	194	845	1268	809	880	535	437	533	488	423	353	197	156	486	337	4627	4642	5825	1881	253	268	322	165	400	338	295	167	246	183	1303	228	308	174	371	174	235	220	217	203	207	171	275	320	204	184	245	137	199	592	337	522	339	607	353	385	1181	289	1088	395	227	181	339	333	331	295	467	450	632	911	439	218	284	227	403	327	544	271	398	329	327	198	1320	212	203	173	203	329	659	115	336	139	241	212	681	142	274	203	338	127	189	140	184	115	372	234	441	117	208	195	204	241	402	974	643	115	179	182	220	148	204	152	170	148	213	142	154	140	413	304	246	281	202	131	205	357	352	158	700	958	583	767	160	197	255	709	1281	244	567	247	639	293	275	171	204	139	202	600	2082	172	192	194	366	206	287	130	227	608	169	144	162	231	156	149	302	160	155	130	294	197	148	136	228	112	257	156	341	137	591	213	218	158	143	167	276	186	191	346	240	109	161	213	156	132	189	96	731	117	701	1627	
2.pdb
0	1	2	3	4	5	6	7	8	9	10	11	12	13	14	15	16	17	18	19	20	21	22	23	24	25	26	27	28	29	30	31	32	33	34	35	36	37	38	39	40	41	42	43	44	45	46	47	48	49	50	51	52	53	54	55	56	57	58	59	60	61	62	63	64	65	66	67	68	69	70	71	72	73	74	75	76	77	78	79	80	81	82	83	84	85	86	87	88	89	90	91	92	93	94	95	96	97	98	99	100	101	102	103	104	105	106	107	108	109	110	111	112	113	114	115	116	117	118	119	120	121	122	123	124	125	126	127	128	129	130	131	132	133	134	135	136	137	138	139	140	141	142	143	144	145	146	147	148	149	150	151	152	153	154	155	156	157	158	159	160	161	162	163	164	165	166	167	168	169	170	171	172	173	174	175	176	177	178	179	180	181	182	183	184	185	186	187	188	189	190	191	192	193	194	195	196	197	198	199	200	201	202	203	204	205	206	207	208	209	210	211	212	213	214	215	216	217	218	219	220	221	222	223	224	225	226	227	228	229	230	231	232	233	234	235	236	237	238	239	240	241	242	243	244	245	246	247	248	249	250	251	252	253	254	255	
0	0	0	0	0	0	0	0	0	0	426	0	0	0	0	0	0	0	0	0	0	0	0	0	0	0	0	0	0	0	0	0	15493	0	0	0	0	0	0	0	4	4	0	0	13	89	1729	6	1463	2258	1050	946	834	748	721	630	632	683	0	0	0	0	0	0	0	735	74	794	122	429	46	134	134	187	5	76	198	449	670	590	111	5	897	265	608	72	30	12	9	120	5	0	0	0	0	0	0	0	0	0	0	0	0	0	0	0	0	0	0	0	0	0	0	0	0	0	0	0	0	0	0	0	0	0	0	0	0	0	0	0	0	0	0	0	0	0	0	0	0	0	0	0	0	0	0	0	0	0	0	0	0	0	0	0	0	0	0	0	0	0	0	0	0	0	0	0	0	0	0	0	0	0	0	0	0	0	0	0	0	0	0	0	0	0	0	0	0	0	0	0	0	0	0	0	0	0	0	0	0	0	0	0	0	0	0	0	0	0	0	0	0	0	0	0	0	0	0	0	0	0	0	0	0	0	0	0	0	0	0	0	0	0	0	0	0	0	0	0	0	0	0	0	0	0	0	0	0	0	0	0	0	0	0	0	0	0	
20.mov
0	1	2	3	4	5	6	7	8	9	10	11	12	13	14	15	16	17	18	19	20	21	22	23	24	25	26	27	28	29	30	31	32	33	34	35	36	37	38	39	40	41	42	43	44	45	46	47	48	49	50	51	52	53	54	55	56	57	58	59	60	61	62	63	64	65	66	67	68	69	70	71	72	73	74	75	76	77	78	79	80	81	82	83	84	85	86	87	88	89	90	91	92	93	94	95	96	97	98	99	100	101	102	103	104	105	106	107	108	109	110	111	112	113	114	115	116	117	118	119	120	121	122	123	124	125	126	127	128	129	130	131	132	133	134	135	136	137	138	139	140	141	142	143	144	145	146	147	148	149	150	151	152	153	154	155	156	157	158	159	160	161	162	163	164	165	166	167	168	169	170	171	172	173	174	175	176	177	178	179	180	181	182	183	184	185	186	187	188	189	190	191	192	193	194	195	196	197	198	199	200	201	202	203	204	205	206	207	208	209	210	211	212	213	214	215	216	217	218	219	220	221	222	223	224	225	226	227	228	229	230	231	232	233	234	235	236	237	238	239	240	241	242	243	244	245	246	247	248	249	250	251	252	253	254	255	
33910	19526	15210	23162	19573	14386	13038	9526	8923	9100	10103	7581	6417	10385	9380	7400	10363	6003	9993	6747	7094	9037	4481	6159	5091	5054	6722	5812	4450	6117	4326	5506	5617	5949	5184	7186	5737	6294	5393	5772	5599	4562	5321	4994	6609	4529	5205	6308	6533	5178	4733	4322	3987	4894	5526	4715	4645	4512	5085	4477	4213	4515	3850	4223	5019	5075	5314	4308	4903	4691	4429	3912	5190	4671	4808	4716	4592	4228	4908	4812	5403	4953	4971	5084	5860	8949	5444	6357	5808	5228	5853	5184	5862	6171	5429	6344	5374	7090	5727	6087	6100	5475	6168	5471	5633	5868	7201	6057	5703	6036	7097	6374	7259	6828	7123	7928	8666	8333	8335	11103	11534	11416	13663	17364	21195	29717	40910	53329	52090	40704	28546	20779	16187	13362	11626	9890	8388	8218	6921	6805	6362	5837	5324	5722	5022	5842	4957	4516	4928	4697	4113	4460	3637	4113	3313	3532	4133	3271	5046	3565	4402	3287	3162	3383	3208	3473	2877	2656	3220	3533	6615	3628	2768	2579	3113	4458	3164	2533	2322	2870	2769	2735	2893	2533	3134	2523	3254	2852	2559	2737	3320	5271	3027	3224	2595	2954	2595	2673	2399	2424	2593	2196	2504	2421	2408	2403	2479	2769	2925	2300	2824	3249	2681	3200	2401	3681	2317	2734	1955	2356	2124	2716	2555	3414	2826	2825	3027	3399	2697	3056	3885	3812	3526	3282	4301	7511	2760	2060	1771	3319	2598	2084	2476	2266	2355	3984	3223	4740	6017	8256	10099	9847	8239	8355	7063	29818	
21.mpeg
0	1	2	3	4	5	6	7	8	9	10	11	12	13	14	15	16	17	18	19	20	21	22	23	24	25	26	27	28	29	30	31	32	33	34	35	36	37	38	39	40	41	42	43	44	45	46	47	48	49	50	51	52	53	54	55	56	57	58	59	60	61	62	63	64	65	66	67	68	69	70	71	72	73	74	75	76	77	78	79	80	81	82	83	84	85	86	87	88	89	90	91	92	93	94	95	96	97	98	99	100	101	102	103	104	105	106	107	108	109	110	111	112	113	114	115	116	117	118	119	120	121	122	123	124	125	126	127	128	129	130	131	132	133	134	135	136	137	138	139	140	141	142	143	144	145	146	147	148	149	150	151	152	153	154	155	156	157	158	159	160	161	162	163	164	165	166	167	168	169	170	171	172	173	174	175	176	177	178	179	180	181	182	183	184	185	186	187	188	189	190	191	192	193	194	195	196	197	198	199	200	201	202	203	204	205	206	207	208	209	210	211	212	213	214	215	216	217	218	219	220	221	222	223	224	225	226	227	228	229	230	231	232	233	234	235	236	237	238	239	240	241	242	243	244	245	246	247	248	249	250	251	252	253	254	255	
630	494	172	372	165	182	482	161	226	280	249	162	438	434	187	261	231	726	348	323	252	249	317	692	353	400	516	365	110	254	328	242	225	388	1383	320	256	492	388	298	262	1715	352	351	340	344	768	286	259	298	407	301	475	567	449	411	157	215	360	317	296	466	368	298	260	238	357	412	783	790	484	286	910	425	1418	441	239	502	411	382	258	305	1796	391	326	592	510	446	331	422	567	429	742	520	500	407	247	264	342	328	356	356	410	397	461	556	568	705	275	631	320	574	186	210	843	242	414	404	462	454	306	421	486	694	261	514	284	406	349	163	161	300	375	232	378	255	801	377	209	852	349	422	198	318	366	845	391	440	1777	432	375	391	209	242	427	494	237	440	414	430	280	312	319	428	972	1337	378	517	295	385	552	600	514	582	511	568	284	371	343	479	593	753	417	454	268	885	459	580	398	690	368	398	249	200	259	300	334	274	312	248	327	429	800	398	224	466	266	454	367	418	606	432	411	568	588	655	304	455	689	458	355	465	658	385	211	249	229	224	403	809	262	348	421	459	415	594	418	589	503	524	230	272	386	341	425	567	534	590	240	321	516	463	257	479	411	465	
22.igs
0	1	2	3	4	5	6	7	8	9	10	11	12	13	14	15	16	17	18	19	20	21	22	23	24	25	26	27	28	29	30	31	32	33	34	35	36	37	38	39	40	41	42	43	44	45	46	47	48	49	50	51	52	53	54	55	56	57	58	59	60	61	62	63	64	65	66	67	68	69	70	71	72	73	74	75	76	77	78	79	80	81	82	83	84	85	86	87	88	89	90	91	92	93	94	95	96	97	98	99	100	101	102	103	104	105	106	107	108	109	110	111	112	113	114	115	116	117	118	119	120	121	122	123	124	125	126	127	128	129	130	131	132	133	134	135	136	137	138	139	140	141	142	143	144	145	146	147	148	149	150	151	152	153	154	155	156	157	158	159	160	161	162	163	164	165	166	167	168	169	170	171	172	173	174	175	176	177	178	179	180	181	182	183	184	185	186	187	188	189	190	191	192	193	194	195	196	197	198	199	200	201	202	203	204	205	206	207	208	209	210	211	212	213	214	215	216	217	218	219	220	221	222	223	224	225	226	227	228	229	230	231	232	233	234	235	236	237	238	239	240	241	242	243	244	245	246	247	248	249	250	251	252	253	254	255	
0	0	0	0	0	0	0	0	0	0	16884	0	0	0	0	0	0	0	0	0	0	0	0	0	0	0	0	0	0	0	0	0	561639	0	0	0	0	0	0	0	0	0	0	0	45421	41038	40582	4	144203	85630	59906	50807	50428	45854	45698	41431	39554	41577	0	2962	0	0	0	0	0	5	1	3	42851	4	0	9	9	7	0	0	0	1	1	2	10958	0	0	7	3	2	0	0	0	0	0	0	0	0	0	3	0	10	1	4	6	12	6	3	5	5	1	1	3	6	9	10	0	0	14	4	10	6	1	1	0	2	0	0	0	0	0	0	0	0	0	0	0	0	0	0	0	0	0	0	0	0	0	0	0	0	0	0	0	0	0	0	0	0	0	0	0	0	0	0	0	0	0	0	0	0	0	0	0	0	0	0	0	0	0	0	0	0	0	0	0	0	0	0	0	0	0	0	0	0	0	0	0	0	0	0	0	0	0	0	0	0	0	0	0	0	0	0	0	0	0	0	0	0	0	0	0	0	0	0	0	0	0	0	0	0	0	0	0	0	0	0	0	0	0	0	0	0	0	0	0	0	0	0	0	0	0	0	0	0	0	0	0	0	0	0	
23.v5d
0	1	2	3	4	5	6	7	8	9	10	11	12	13	14	15	16	17	18	19	20	21	22	23	24	25	26	27	28	29	30	31	32	33	34	35	36	37	38	39	40	41	42	43	44	45	46	47	48	49	50	51	52	53	54	55	56	57	58	59	60	61	62	63	64	65	66	67	68	69	70	71	72	73	74	75	76	77	78	79	80	81	82	83	84	85	86	87	88	89	90	91	92	93	94	95	96	97	98	99	100	101	102	103	104	105	106	107	108	109	110	111	112	113	114	115	116	117	118	119	120	121	122	123	124	125	126	127	128	129	130	131	132	133	134	135	136	137	138	139	140	141	142	143	144	145	146	147	148	149	150	151	152	153	154	155	156	157	158	159	160	161	162	163	164	165	166	167	168	169	170	171	172	173	174	175	176	177	178	179	180	181	182	183	184	185	186	187	188	189	190	191	192	193	194	195	196	197	198	199	200	201	202	203	204	205	206	207	208	209	210	211	212	213	214	215	216	217	218	219	220	221	222	223	224	225	226	227	228	229	230	231	232	233	234	235	236	237	238	239	240	241	242	243	244	245	246	247	248	249	250	251	252	253	254	255	
20384	648	812	1087	1104	1058	1125	1205	1260	1357	1358	1513	1777	1944	2210	2513	2231	2501	2582	2412	2435	2679	2753	2966	2815	2865	2797	2870	3221	3259	3096	3195	3233	3357	3385	3420	3561	3387	3554	3581	3658	3999	3861	4029	3868	3953	3844	3813	3828	3808	3871	3911	3718	3787	3805	3936	3995	4090	3951	3957	4226	4386	4426	3924	3740	3803	3679	3735	3718	3651	3733	3878	3766	3947	3816	3914	3997	4153	4344	4541	4404	4165	4280	4476	4257	4080	4027	3864	3768	3776	3825	3721	3710	3581	3667	3630	3688	3698	3801	4084	4129	3619	3422	3271	3068	3015	3150	3027	3126	3059	3178	3558	3528	3139	3152	3225	3608	3821	3346	3608	3518	2911	2765	2685	2620	2550	2505	2493	2440	2306	2332	2392	2405	2389	2358	2350	2303	2392	2256	2208	2079	1988	1805	1878	1865	1747	1732	1750	1650	1514	1497	1386	1297	1235	1190	1195	1147	1115	1053	1056	1003	1002	985	876	873	888	828	757	755	744	759	656	670	632	682	630	614	596	598	610	579	654	571	570	575	538	522	567	548	531	571	502	466	484	408	333	341	335	280	317	315	301	285	280	270	266	233	266	231	249	291	284	254	263	294	289	290	247	229	211	176	166	193	156	149	131	143	134	130	125	139	134	125	141	134	146	131	124	113	101	121	105	117	127	105	126	94	99	83	129	91	78	66	41	28	4	
24.wrl
0	1	2	3	4	5	6	7	8	9	10	11	12	13	14	15	16	17	18	19	20	21	22	23	24	25	26	27	28	29	30	31	32	33	34	35	36	37	38	39	40	41	42	43	44	45	46	47	48	49	50	51	52	53	54	55	56	57	58	59	60	61	62	63	64	65	66	67	68	69	70	71	72	73	74	75	76	77	78	79	80	81	82	83	84	85	86	87	88	89	90	91	92	93	94	95	96	97	98	99	100	101	102	103	104	105	106	107	108	109	110	111	112	113	114	115	116	117	118	119	120	121	122	123	124	125	126	127	128	129	130	131	132	133	134	135	136	137	138	139	140	141	142	143	144	145	146	147	148	149	150	151	152	153	154	155	156	157	158	159	160	161	162	163	164	165	166	167	168	169	170	171	172	173	174	175	176	177	178	179	180	181	182	183	184	185	186	187	188	189	190	191	192	193	194	195	196	197	198	199	200	201	202	203	204	205	206	207	208	209	210	211	212	213	214	215	216	217	218	219	220	221	222	223	224	225	226	227	228	229	230	231	232	233	234	235	236	237	238	239	240	241	242	243	244	245	246	247	248	249	250	251	252	253	254	255	
0	0	0	0	0	0	0	0	0	2048	1330	0	0	0	0	0	0	0	0	0	0	0	0	0	0	0	0	0	0	0	0	0	2513	0	42	170	0	0	0	2	1	1	0	0	603	356	161	2	1015	388	266	166	23	508	12	142	16	13	82	0	0	0	0	0	2	9	3	145	30	38	116	2	2	165	1	2	14	27	5	79	21	0	4	189	54	5	5	11	2	0	0	149	0	149	0	30	0	666	18	242	438	1004	123	53	69	414	7	16	214	95	615	763	199	68	717	276	595	131	25	20	184	55	1	325	0	325	0	0	0	0	0	0	0	0	0	0	0	0	0	0	0	0	0	0	0	0	0	0	0	0	0	0	0	0	0	0	0	0	0	0	0	0	0	0	0	0	0	0	0	0	0	0	0	0	0	0	0	0	0	0	0	0	0	0	0	0	0	0	0	0	0	0	0	0	0	0	0	0	0	0	0	0	0	0	0	0	0	0	0	0	0	0	0	0	0	0	0	0	0	0	0	0	0	0	0	0	0	0	0	0	0	0	0	0	0	0	0	0	0	0	0	0	0	0	0	0	0	0	0	0	0	0	0	0	0	0	
25.aiff
0	1	2	3	4	5	6	7	8	9	10	11	12	13	14	15	16	17	18	19	20	21	22	23	24	25	26	27	28	29	30	31	32	33	34	35	36	37	38	39	40	41	42	43	44	45	46	47	48	49	50	51	52	53	54	55	56	57	58	59	60	61	62	63	64	65	66	67	68	69	70	71	72	73	74	75	76	77	78	79	80	81	82	83	84	85	86	87	88	89	90	91	92	93	94	95	96	97	98	99	100	101	102	103	104	105	106	107	108	109	110	111	112	113	114	115	116	117	118	119	120	121	122	123	124	125	126	127	128	129	130	131	132	133	134	135	136	137	138	139	140	141	142	143	144	145	146	147	148	149	150	151	152	153	154	155	156	157	158	159	160	161	162	163	164	165	166	167	168	169	170	171	172	173	174	175	176	177	178	179	180	181	182	183	184	185	186	187	188	189	190	191	192	193	194	195	196	197	198	199	200	201	202	203	204	205	206	207	208	209	210	211	212	213	214	215	216	217	218	219	220	221	222	223	224	225	226	227	228	229	230	231	232	233	234	235	236	237	238	239	240	241	242	243	244	245	246	247	248	249	250	251	252	253	254	255	
5036	2407	1316	1234	944	679	523	399	302	263	259	249	178	195	142	160	138	107	107	106	105	91	98	96	69	83	60	62	70	59	50	54	57	50	41	42	34	34	25	25	23	26	26	35	30	24	23	18	21	11	13	21	17	15	15	14	15	11	8	13	16	14	15	12	10	10	9	3	11	6	11	9	7	5	7	10	8	9	8	9	6	6	8	9	7	5	4	9	6	11	6	6	3	2	3	2	0	1	1	4	1	1	2	1	2	1	1	1	2	2	1	0	0	0	0	0	0	1	1	1	0	0	0	0	0	0	0	1	0	0	1	1	0	0	0	0	0	0	0	0	0	0	0	0	1	1	0	1	0	0	1	1	2	3	4	0	1	2	3	2	1	2	2	0	0	4	1	0	0	2	1	2	1	1	3	0	1	2	2	1	3	4	3	6	4	1	5	2	4	4	3	5	6	2	7	0	6	5	5	6	6	9	13	13	11	7	11	13	19	9	14	22	17	9	22	20	27	16	23	21	26	32	36	33	36	35	34	36	27	43	47	45	49	42	53	83	65	84	62	95	80	91	111	105	124	136	185	204	225	244	246	320	315	402	523	1016	
26.au
0	1	2	3	4	5	6	7	8	9	10	11	12	13	14	15	16	17	18	19	20	21	22	23	24	25	26	27	28	29	30	31	32	33	34	35	36	37	38	39	40	41	42	43	44	45	46	47	48	49	50	51	52	53	54	55	56	57	58	59	60	61	62	63	64	65	66	67	68	69	70	71	72	73	74	75	76	77	78	79	80	81	82	83	84	85	86	87	88	89	90	91	92	93	94	95	96	97	98	99	100	101	102	103	104	105	106	107	108	109	110	111	112	113	114	115	116	117	118	119	120	121	122	123	124	125	126	127	128	129	130	131	132	133	134	135	136	137	138	139	140	141	142	143	144	145	146	147	148	149	150	151	152	153	154	155	156	157	158	159	160	161	162	163	164	165	166	167	168	169	170	171	172	173	174	175	176	177	178	179	180	181	182	183	184	185	186	187	188	189	190	191	192	193	194	195	196	197	198	199	200	201	202	203	204	205	206	207	208	209	210	211	212	213	214	215	216	217	218	219	220	221	222	223	224	225	226	227	228	229	230	231	232	233	234	235	236	237	238	239	240	241	242	243	244	245	246	247	248	249	250	251	252	253	254	255	
21	2	0	0	0	0	0	0	0	0	0	0	0	0	0	0	0	0	0	0	0	0	0	0	0	0	0	0	0	0	0	2	1	0	0	0	0	1	0	0	0	0	1	1	5	13	16	18	10	15	22	22	22	19	31	45	36	50	48	64	71	91	95	122	60	77	50	68	73	88	86	89	84	116	96	117	108	101	131	149	0	128	0	153	0	126	0	160	0	180	0	174	0	160	0	260	0	0	0	219	1	0	0	233	0	0	0	232	0	0	1	253	0	0	0	1	0	0	0	251	0	0	0	0	0	0	0	0	0	0	0	0	0	0	0	0	0	0	0	0	0	0	0	0	0	0	0	0	0	0	0	0	0	0	0	0	0	0	0	0	0	0	0	0	0	0	0	0	0	1	5	4	7	11	22	40	23	20	29	29	44	52	35	50	44	51	49	70	60	75	84	84	53	49	57	68	57	71	82	80	85	72	90	97	94	114	92	133	0	116	0	112	0	140	0	137	0	136	0	164	0	196	0	201	0	0	0	186	0	0	0	203	0	0	0	218	0	0	0	245	0	0	0	0	0	0	0	240	0	0	0	0	0	0	0	247	
27.mp3
0	1	2	3	4	5	6	7	8	9	10	11	12	13	14	15	16	17	18	19	20	21	22	23	24	25	26	27	28	29	30	31	32	33	34	35	36	37	38	39	40	41	42	43	44	45	46	47	48	49	50	51	52	53	54	55	56	57	58	59	60	61	62	63	64	65	66	67	68	69	70	71	72	73	74	75	76	77	78	79	80	81	82	83	84	85	86	87	88	89	90	91	92	93	94	95	96	97	98	99	100	101	102	103	104	105	106	107	108	109	110	111	112	113	114	115	116	117	118	119	120	121	122	123	124	125	126	127	128	129	130	131	132	133	134	135	136	137	138	139	140	141	142	143	144	145	146	147	148	149	150	151	152	153	154	155	156	157	158	159	160	161	162	163	164	165	166	167	168	169	170	171	172	173	174	175	176	177	178	179	180	181	182	183	184	185	186	187	188	189	190	191	192	193	194	195	196	197	198	199	200	201	202	203	204	205	206	207	208	209	210	211	212	213	214	215	216	217	218	219	220	221	222	223	224	225	226	227	228	229	230	231	232	233	234	235	236	237	238	239	240	241	242	243	244	245	246	247	248	249	250	251	252	253	254	255	
42293	4835	5289	6342	5266	4430	4301	3751	5146	5224	4810	4252	5012	5750	4620	4053	5404	4936	4852	4195	5094	4792	4488	3960	5171	4859	4751	4466	4907	4574	3969	3903	6033	5006	5417	4920	6054	5357	4863	4157	5382	5807	5987	4749	5030	5326	4511	4032	4883	5238	5234	5360	4855	5118	4595	4529	4507	5217	5035	4950	4503	4734	4158	4445	5537	5022	5307	5885	5372	5318	5015	5293	5251	5823	5508	5563	5725	6042	4849	4867	5285	5938	5879	6397	5952	6400	4914	5545	4423	5221	5234	5804	4367	5383	3920	4420	7833	5140	5006	5313	5175	5387	5100	4782	5355	5722	6490	5373	5378	8796	5661	4963	3918	4522	5097	4818	4899	5218	4874	4996	3555	4378	4607	4459	3634	4361	3821	6196	7257	4145	4351	4405	4746	4497	4956	4707	5597	5588	5444	4604	5200	5491	5015	4388	5401	5338	8793	4492	5333	5386	5179	4438	4748	5699	5230	5123	4646	4980	4212	4387	4615	5489	5419	5263	5421	5385	5311	5504	5478	6749	6482	5096	5045	5561	4753	4428	3977	5318	4878	4793	5258	5805	6311	5906	3987	5658	5160	5694	3566	4682	4049	5767	3952	3770	4070	4182	4629	4451	4591	4469	4932	4613	5233	4807	5424	5447	4922	4499	4602	4965	4519	5229	5458	5577	5108	4993	4388	4795	5283	6239	4866	5485	4211	5548	3398	3945	4468	4503	4515	4957	4975	4750	4534	5301	5990	5492	4738	5514	5181	4976	3543	4080	4065	4677	4458	5140	4387	4954	3801	4526	4939	8294	4356	5414	6130	20265	
28.ra
0	1	2	3	4	5	6	7	8	9	10	11	12	13	14	15	16	17	18	19	20	21	22	23	24	25	26	27	28	29	30	31	32	33	34	35	36	37	38	39	40	41	42	43	44	45	46	47	48	49	50	51	52	53	54	55	56	57	58	59	60	61	62	63	64	65	66	67	68	69	70	71	72	73	74	75	76	77	78	79	80	81	82	83	84	85	86	87	88	89	90	91	92	93	94	95	96	97	98	99	100	101	102	103	104	105	106	107	108	109	110	111	112	113	114	115	116	117	118	119	120	121	122	123	124	125	126	127	128	129	130	131	132	133	134	135	136	137	138	139	140	141	142	143	144	145	146	147	148	149	150	151	152	153	154	155	156	157	158	159	160	161	162	163	164	165	166	167	168	169	170	171	172	173	174	175	176	177	178	179	180	181	182	183	184	185	186	187	188	189	190	191	192	193	194	195	196	197	198	199	200	201	202	203	204	205	206	207	208	209	210	211	212	213	214	215	216	217	218	219	220	221	222	223	224	225	226	227	228	229	230	231	232	233	234	235	236	237	238	239	240	241	242	243	244	245	246	247	248	249	250	251	252	253	254	255	
340	220	200	167	228	169	134	126	219	183	195	143	203	137	143	99	230	184	159	130	187	145	109	98	176	134	134	106	127	119	100	80	218	148	184	112	129	118	113	113	169	118	139	98	104	94	68	90	189	145	119	98	117	103	95	77	128	94	121	76	89	90	68	58	211	166	181	163	158	125	139	106	150	99	138	114	119	81	103	87	194	118	144	102	166	117	99	77	126	99	112	67	108	64	100	73	197	124	116	96	123	99	108	91	141	95	105	83	80	56	68	41	138	96	105	91	130	84	62	38	107	92	85	62	58	65	57	56	223	139	205	111	150	126	146	113	155	118	138	110	122	101	96	98	159	116	115	82	125	106	99	75	127	96	79	72	101	91	78	60	180	183	130	108	142	98	112	76	143	112	111	85	102	81	80	69	125	106	101	63	91	99	74	55	118	52	78	53	79	66	54	45	181	153	111	101	117	105	101	59	119	95	102	66	103	68	99	55	167	99	69	73	101	75	63	57	91	75	62	60	74	53	78	40	147	116	94	74	103	75	77	66	105	58	107	62	74	38	51	34	90	76	61	75	73	51	64	49	82	53	56	43	57	42	55	36	
29.wav
0	1	2	3	4	5	6	7	8	9	10	11	12	13	14	15	16	17	18	19	20	21	22	23	24	25	26	27	28	29	30	31	32	33	34	35	36	37	38	39	40	41	42	43	44	45	46	47	48	49	50	51	52	53	54	55	56	57	58	59	60	61	62	63	64	65	66	67	68	69	70	71	72	73	74	75	76	77	78	79	80	81	82	83	84	85	86	87	88	89	90	91	92	93	94	95	96	97	98	99	100	101	102	103	104	105	106	107	108	109	110	111	112	113	114	115	116	117	118	119	120	121	122	123	124	125	126	127	128	129	130	131	132	133	134	135	136	137	138	139	140	141	142	143	144	145	146	147	148	149	150	151	152	153	154	155	156	157	158	159	160	161	162	163	164	165	166	167	168	169	170	171	172	173	174	175	176	177	178	179	180	181	182	183	184	185	186	187	188	189	190	191	192	193	194	195	196	197	198	199	200	201	202	203	204	205	206	207	208	209	210	211	212	213	214	215	216	217	218	219	220	221	222	223	224	225	226	227	228	229	230	231	232	233	234	235	236	237	238	239	240	241	242	243	244	245	246	247	248	249	250	251	252	253	254	255	
15	3	0	1	0	0	1	2	4	7	6	4	3	7	14	6	9	8	15	12	25	10	27	7	17	16	13	9	14	16	17	11	11	17	14	23	14	12	13	14	9	11	15	20	15	12	17	8	9	13	12	12	19	15	16	14	23	7	16	12	16	11	17	15	17	16	12	10	11	21	20	10	18	22	14	15	20	18	6	14	18	25	21	15	19	13	21	19	18	22	28	26	24	27	20	16	29	31	33	20	35	41	27	25	31	31	28	34	36	38	26	35	38	36	43	42	34	37	44	37	36	57	39	42	36	42	39	37	55	43	45	35	35	41	34	30	42	33	27	39	33	33	36	44	25	27	41	39	32	29	33	30	22	28	23	22	30	19	23	37	20	21	24	14	11	20	23	20	20	17	19	16	18	16	15	16	19	14	11	15	11	18	21	18	12	14	14	16	7	10	19	18	11	21	8	12	14	16	13	16	13	20	14	13	7	15	13	13	20	9	14	15	15	14	18	7	11	10	12	11	11	17	19	4	14	17	13	14	15	19	20	11	17	14	14	8	12	7	9	9	11	7	2	3	2	4	0	3	2	1	0	0	0	0	0	0	
3.evy
0	1	2	3	4	5	6	7	8	9	10	11	12	13	14	15	16	17	18	19	20	21	22	23	24	25	26	27	28	29	30	31	32	33	34	35	36	37	38	39	40	41	42	43	44	45	46	47	48	49	50	51	52	53	54	55	56	57	58	59	60	61	62	63	64	65	66	67	68	69	70	71	72	73	74	75	76	77	78	79	80	81	82	83	84	85	86	87	88	89	90	91	92	93	94	95	96	97	98	99	100	101	102	103	104	105	106	107	108	109	110	111	112	113	114	115	116	117	118	119	120	121	122	123	124	125	126	127	128	129	130	131	132	133	134	135	136	137	138	139	140	141	142	143	144	145	146	147	148	149	150	151	152	153	154	155	156	157	158	159	160	161	162	163	164	165	166	167	168	169	170	171	172	173	174	175	176	177	178	179	180	181	182	183	184	185	186	187	188	189	190	191	192	193	194	195	196	197	198	199	200	201	202	203	204	205	206	207	208	209	210	211	212	213	214	215	216	217	218	219	220	221	222	223	224	225	226	227	228	229	230	231	232	233	234	235	236	237	238	239	240	241	242	243	244	245	246	247	248	249	250	251	252	253	254	255	
425	106	89	68	74	64	62	47	71	78	49	50	62	43	42	58	118	54	73	59	55	45	37	37	49	48	27	33	42	36	39	37	77	44	32	49	57	55	45	48	59	45	28	37	25	35	36	32	47	50	46	51	48	26	32	30	37	41	28	37	30	27	21	32	75	62	45	25	41	38	29	56	54	53	33	39	48	47	41	30	66	47	35	34	44	49	44	39	54	46	44	32	26	26	28	25	58	52	41	37	28	51	33	32	41	34	25	24	33	14	21	24	59	42	41	29	30	27	38	23	34	37	32	36	31	23	20	47	89	51	57	41	46	41	38	43	26	39	35	37	33	31	21	32	64	54	40	49	36	45	38	38	39	41	39	24	36	40	21	28	63	23	39	29	50	32	32	27	34	26	27	31	35	30	29	22	59	32	40	23	28	34	33	29	36	30	30	29	29	13	19	26	57	33	38	30	42	40	31	32	38	44	48	32	45	46	39	27	64	37	37	40	34	36	36	23	43	23	27	25	24	22	27	20	60	39	32	31	40	30	26	29	28	21	23	19	39	28	16	13	68	36	31	20	38	31	24	25	27	30	17	19	29	24	35	44	
30.ram
0	1	2	3	4	5	6	7	8	9	10	11	12	13	14	15	16	17	18	19	20	21	22	23	24	25	26	27	28	29	30	31	32	33	34	35	36	37	38	39	40	41	42	43	44	45	46	47	48	49	50	51	52	53	54	55	56	57	58	59	60	61	62	63	64	65	66	67	68	69	70	71	72	73	74	75	76	77	78	79	80	81	82	83	84	85	86	87	88	89	90	91	92	93	94	95	96	97	98	99	100	101	102	103	104	105	106	107	108	109	110	111	112	113	114	115	116	117	118	119	120	121	122	123	124	125	126	127	128	129	130	131	132	133	134	135	136	137	138	139	140	141	142	143	144	145	146	147	148	149	150	151	152	153	154	155	156	157	158	159	160	161	162	163	164	165	166	167	168	169	170	171	172	173	174	175	176	177	178	179	180	181	182	183	184	185	186	187	188	189	190	191	192	193	194	195	196	197	198	199	200	201	202	203	204	205	206	207	208	209	210	211	212	213	214	215	216	217	218	219	220	221	222	223	224	225	226	227	228	229	230	231	232	233	234	235	236	237	238	239	240	241	242	243	244	245	246	247	248	249	250	251	252	253	254	255	
0	0	0	0	0	0	0	0	0	0	1	0	0	0	0	0	0	0	0	0	0	0	0	0	0	0	0	0	0	0	0	0	0	0	0	0	0	0	0	0	0	0	0	0	0	1	3	3	0	1	0	0	2	0	0	0	0	0	1	0	0	0	0	0	0	0	0	0	0	0	0	0	0	0	0	0	0	0	0	0	0	0	0	0	1	0	0	0	0	0	0	0	0	0	0	0	0	1	0	0	0	1	0	1	1	0	0	0	3	1	2	1	2	0	1	2	1	0	1	3	0	1	0	0	0	0	0	0	0	0	0	0	0	0	0	0	0	0	0	0	0	0	0	0	0	0	0	0	0	0	0	0	0	0	0	0	0	0	0	0	0	0	0	0	0	0	0	0	0	0	0	0	0	0	0	0	0	0	0	0	0	0	0	0	0	0	0	0	0	0	0	0	0	0	0	0	0	0	0	0	0	0	0	0	0	0	0	0	0	0	0	0	0	0	0	0	0	0	0	0	0	0	0	0	0	0	0	0	0	0	0	0	0	0	0	0	0	0	0	0	0	0	0	0	0	0	0	0	0	0	0	0	0	0	0	0	
31.aiff
0	1	2	3	4	5	6	7	8	9	10	11	12	13	14	15	16	17	18	19	20	21	22	23	24	25	26	27	28	29	30	31	32	33	34	35	36	37	38	39	40	41	42	43	44	45	46	47	48	49	50	51	52	53	54	55	56	57	58	59	60	61	62	63	64	65	66	67	68	69	70	71	72	73	74	75	76	77	78	79	80	81	82	83	84	85	86	87	88	89	90	91	92	93	94	95	96	97	98	99	100	101	102	103	104	105	106	107	108	109	110	111	112	113	114	115	116	117	118	119	120	121	122	123	124	125	126	127	128	129	130	131	132	133	134	135	136	137	138	139	140	141	142	143	144	145	146	147	148	149	150	151	152	153	154	155	156	157	158	159	160	161	162	163	164	165	166	167	168	169	170	171	172	173	174	175	176	177	178	179	180	181	182	183	184	185	186	187	188	189	190	191	192	193	194	195	196	197	198	199	200	201	202	203	204	205	206	207	208	209	210	211	212	213	214	215	216	217	218	219	220	221	222	223	224	225	226	227	228	229	230	231	232	233	234	235	236	237	238	239	240	241	242	243	244	245	246	247	248	249	250	251	252	253	254	255	
5134	2514	1415	1327	1033	770	605	497	396	342	351	334	260	291	239	239	219	204	187	183	195	185	180	173	148	171	131	150	158	155	143	141	147	137	123	138	120	113	108	96	108	95	119	115	118	114	107	121	111	89	93	112	119	90	113	117	95	95	85	99	90	83	90	105	90	100	92	99	106	100	82	95	111	89	82	103	99	98	83	91	84	86	80	88	112	80	92	88	84	81	94	85	95	90	114	82	92	84	98	91	85	70	80	96	104	90	94	96	84	81	75	94	84	96	93	74	76	87	96	86	92	86	83	97	81	92	70	86	92	96	92	94	103	81	96	91	93	93	87	90	110	91	94	86	93	79	91	72	81	82	86	97	103	92	85	91	78	83	85	77	90	96	85	93	74	96	101	95	84	102	101	85	102	100	95	105	89	72	75	86	92	96	73	92	102	103	119	85	87	90	73	89	97	91	101	97	99	96	86	103	72	102	102	120	101	89	91	96	102	89	92	108	97	91	124	111	103	108	130	112	101	134	121	126	122	127	124	119	112	134	133	129	127	122	153	155	156	168	140	181	152	180	210	196	212	211	267	300	303	325	322	414	393	500	609	1092	
32.aiff
0	1	2	3	4	5	6	7	8	9	10	11	12	13	14	15	16	17	18	19	20	21	22	23	24	25	26	27	28	29	30	31	32	33	34	35	36	37	38	39	40	41	42	43	44	45	46	47	48	49	50	51	52	53	54	55	56	57	58	59	60	61	62	63	64	65	66	67	68	69	70	71	72	73	74	75	76	77	78	79	80	81	82	83	84	85	86	87	88	89	90	91	92	93	94	95	96	97	98	99	100	101	102	103	104	105	106	107	108	109	110	111	112	113	114	115	116	117	118	119	120	121	122	123	124	125	126	127	128	129	130	131	132	133	134	135	136	137	138	139	140	141	142	143	144	145	146	147	148	149	150	151	152	153	154	155	156	157	158	159	160	161	162	163	164	165	166	167	168	169	170	171	172	173	174	175	176	177	178	179	180	181	182	183	184	185	186	187	188	189	190	191	192	193	194	195	196	197	198	199	200	201	202	203	204	205	206	207	208	209	210	211	212	213	214	215	216	217	218	219	220	221	222	223	224	225	226	227	228	229	230	231	232	233	234	235	236	237	238	239	240	241	242	243	244	245	246	247	248	249	250	251	252	253	254	255	
20262	10050	5487	5192	4086	2972	2394	1930	1500	1354	1394	1276	1197	1056	950	944	931	786	853	848	732	766	806	714	646	694	646	568	548	630	556	548	583	572	498	530	442	526	476	466	395	481	434	468	470	410	414	359	402	420	402	432	470	396	400	364	384	382	410	456	446	402	348	372	365	371	356	343	375	360	371	340	388	379	336	342	364	357	351	342	336	330	345	386	374	410	330	356	352	376	338	334	332	348	288	342	326	360	326	305	336	344	346	334	330	358	330	300	356	370	374	336	330	396	368	386	376	368	350	386	398	366	350	366	354	402	364	320	336	370	364	362	386	336	360	386	386	374	368	346	368	398	366	346	398	360	368	388	372	360	366	332	358	420	374	332	396	376	386	378	330	372	396	334	308	316	342	374	332	368	326	378	372	354	369	338	324	360	354	390	354	372	376	388	354	316	376	398	346	398	350	386	370	394	394	388	361	376	426	308	398	356	388	426	430	386	394	424	398	386	418	424	418	438	476	452	450	396	434	382	462	468	496	476	524	560	482	458	450	470	502	480	482	526	598	630	618	674	662	712	726	766	812	888	832	900	1174	1164	1274	1356	1344	1522	1616	1976	2344	4490	
33.aifc
0	1	2	3	4	5	6	7	8	9	10	11	12	13	14	15	16	17	18	19	20	21	22	23	24	25	26	27	28	29	30	31	32	33	34	35	36	37	38	39	40	41	42	43	44	45	46	47	48	49	50	51	52	53	54	55	56	57	58	59	60	61	62	63	64	65	66	67	68	69	70	71	72	73	74	75	76	77	78	79	80	81	82	83	84	85	86	87	88	89	90	91	92	93	94	95	96	97	98	99	100	101	102	103	104	105	106	107	108	109	110	111	112	113	114	115	116	117	118	119	120	121	122	123	124	125	126	127	128	129	130	131	132	133	134	135	136	137	138	139	140	141	142	143	144	145	146	147	148	149	150	151	152	153	154	155	156	157	158	159	160	161	162	163	164	165	166	167	168	169	170	171	172	173	174	175	176	177	178	179	180	181	182	183	184	185	186	187	188	189	190	191	192	193	194	195	196	197	198	199	200	201	202	203	204	205	206	207	208	209	210	211	212	213	214	215	216	217	218	219	220	221	222	223	224	225	226	227	228	229	230	231	232	233	234	235	236	237	238	239	240	241	242	243	244	245	246	247	248	249	250	251	252	253	254	255	
30913	26957	19130	11635	6959	5032	4462	3342	4252	3040	3110	2118	3414	2182	2172	1548	2555	1442	1626	1164	2347	1258	1624	958	2066	1126	1212	902	1970	844	1110	720	1787	724	1017	592	1751	782	1015	478	1706	628	840	490	1512	612	922	384	1600	568	724	442	1566	556	812	338	1528	512	840	306	1543	552	754	354	1504	474	736	380	1614	536	723	428	1398	610	620	357	1402	420	728	335	1282	573	739	307	1513	544	717	324	1416	558	680	234	1496	516	768	248	1456	536	710	343	1413	436	796	262	1502	452	664	316	1450	493	755	304	1647	400	757	300	1435	478	802	322	1436	382	762	279	1458	402	676	280	1497	454	686	326	1392	442	778	316	1444	468	744	282	1486	414	636	414	1326	532	692	394	1468	404	766	298	1370	614	684	300	1492	434	728	310	1382	402	691	416	1388	524	774	286	1422	538	666	330	1387	522	650	254	1511	502	752	400	1308	438	762	302	1572	464	790	262	1428	472	722	292	1492	420	768	340	1574	438	826	309	1506	618	696	306	1644	430	852	386	1538	556	790	390	1558	540	870	380	1500	558	858	446	1634	654	932	556	1784	696	1050	690	1706	860	1172	788	1978	980	1274	962	2156	1130	1264	994	2322	1278	1776	1432	2730	1966	2344	2372	4186	4080	4532	4758	6620	7028	9062	10204	
34.tsv
0	1	2	3	4	5	6	7	8	9	10	11	12	13	14	15	16	17	18	19	20	21	22	23	24	25	26	27	28	29	30	31	32	33	34	35	36	37	38	39	40	41	42	43	44	45	46	47	48	49	50	51	52	53	54	55	56	57	58	59	60	61	62	63	64	65	66	67	68	69	70	71	72	73	74	75	76	77	78	79	80	81	82	83	84	85	86	87	88	89	90	91	92	93	94	95	96	97	98	99	100	101	102	103	104	105	106	107	108	109	110	111	112	113	114	115	116	117	118	119	120	121	122	123	124	125	126	127	128	129	130	131	132	133	134	135	136	137	138	139	140	141	142	143	144	145	146	147	148	149	150	151	152	153	154	155	156	157	158	159	160	161	162	163	164	165	166	167	168	169	170	171	172	173	174	175	176	177	178	179	180	181	182	183	184	185	186	187	188	189	190	191	192	193	194	195	196	197	198	199	200	201	202	203	204	205	206	207	208	209	210	211	212	213	214	215	216	217	218	219	220	221	222	223	224	225	226	227	228	229	230	231	232	233	234	235	236	237	238	239	240	241	242	243	244	245	246	247	248	249	250	251	252	253	254	255	
0	0	0	0	0	0	0	0	0	354	354	0	0	354	0	0	0	0	0	0	0	0	0	0	0	0	0	0	0	0	0	0	0	0	0	1	0	0	0	0	0	0	0	517	0	189	706	0	1645	991	484	516	472	408	473	392	496	477	0	0	0	0	0	0	0	0	0	0	0	706	0	0	0	0	0	0	0	0	0	0	0	0	0	0	0	0	0	0	0	0	0	0	0	0	0	0	0	0	0	0	0	0	0	0	0	0	0	0	0	0	0	0	0	0	0	0	0	0	0	0	1	1	0	0	0	0	0	0	0	0	0	0	0	0	0	0	0	0	0	0	0	0	0	0	0	0	0	0	0	0	0	0	0	0	0	0	0	0	0	0	0	0	0	0	0	0	0	0	0	0	0	0	0	0	0	0	0	0	0	0	0	0	0	0	0	0	0	0	0	0	0	0	0	0	0	0	0	0	0	0	0	0	0	0	0	0	0	0	0	0	0	0	0	0	0	0	0	0	0	0	0	0	0	0	0	0	0	0	0	0	0	0	0	0	0	0	0	0	0	0	0	0	0	0	0	0	0	0	0	0	0	0	0	0	0	0	
35.avi
0	1	2	3	4	5	6	7	8	9	10	11	12	13	14	15	16	17	18	19	20	21	22	23	24	25	26	27	28	29	30	31	32	33	34	35	36	37	38	39	40	41	42	43	44	45	46	47	48	49	50	51	52	53	54	55	56	57	58	59	60	61	62	63	64	65	66	67	68	69	70	71	72	73	74	75	76	77	78	79	80	81	82	83	84	85	86	87	88	89	90	91	92	93	94	95	96	97	98	99	100	101	102	103	104	105	106	107	108	109	110	111	112	113	114	115	116	117	118	119	120	121	122	123	124	125	126	127	128	129	130	131	132	133	134	135	136	137	138	139	140	141	142	143	144	145	146	147	148	149	150	151	152	153	154	155	156	157	158	159	160	161	162	163	164	165	166	167	168	169	170	171	172	173	174	175	176	177	178	179	180	181	182	183	184	185	186	187	188	189	190	191	192	193	194	195	196	197	198	199	200	201	202	203	204	205	206	207	208	209	210	211	212	213	214	215	216	217	218	219	220	221	222	223	224	225	226	227	228	229	230	231	232	233	234	235	236	237	238	239	240	241	242	243	244	245	246	247	248	249	250	251	252	253	254	255	
2707	76	89	81	46	98	123	209	226	89	134	104	266	78	103	460	1169	87	22	40	461	36	27	29	521	43	7	6	489	63	29	57	410	103	65	46	211	518	134	85	136	685	169	92	88	752	119	55	90	893	52	122	19	721	14	37	26	759	16	7	26	661	25	19	4	346	635	53	101	177	525	164	92	119	643	113	88	63	464	67	79	83	541	42	43	231	345	34	5	19	389	5	4	19	269	7	8	34	156	245	179	91	287	322	134	120	102	293	112	79	91	173	101	72	49	247	107	43	69	99	43	9	10	103	35	5	35	74	44	39	92	128	294	71	94	107	142	119	100	98	238	93	65	72	109	49	28	20	210	18	9	9	76	36	5	11	122	3	4	6	58	85	122	61	105	142	80	89	125	158	94	70	71	315	81	57	43	161	26	18	14	246	11	8	15	126	7	5	2	184	1	1	8	123	492	83	80	65	165	111	102	104	150	58	82	66	264	97	59	41	84	15	9	15	151	17	5	15	44	2	1	2	79	0	37	40	90	108	70	64	77	140	108	92	89	66	58	59	66	319	203	37	23	14	11	7	7	114	38	4	4	11	5	3	3	106	
4.gz
0	1	2	3	4	5	6	7	8	9	10	11	12	13	14	15	16	17	18	19	20	21	22	23	24	25	26	27	28	29	30	31	32	33	34	35	36	37	38	39	40	41	42	43	44	45	46	47	48	49	50	51	52	53	54	55	56	57	58	59	60	61	62	63	64	65	66	67	68	69	70	71	72	73	74	75	76	77	78	79	80	81	82	83	84	85	86	87	88	89	90	91	92	93	94	95	96	97	98	99	100	101	102	103	104	105	106	107	108	109	110	111	112	113	114	115	116	117	118	119	120	121	122	123	124	125	126	127	128	129	130	131	132	133	134	135	136	137	138	139	140	141	142	143	144	145	146	147	148	149	150	151	152	153	154	155	156	157	158	159	160	161	162	163	164	165	166	167	168	169	170	171	172	173	174	175	176	177	178	179	180	181	182	183	184	185	186	187	188	189	190	191	192	193	194	195	196	197	198	199	200	201	202	203	204	205	206	207	208	209	210	211	212	213	214	215	216	217	218	219	220	221	222	223	224	225	226	227	228	229	230	231	232	233	234	235	236	237	238	239	240	241	242	243	244	245	246	247	248	249	250	251	252	253	254	255	
7	0	0	1	0	0	0	0	2	0	1	1	0	1	0	0	0	0	3	0	1	0	0	1	0	0	1	0	0	0	1	1	0	0	1	0	0	0	0	0	0	0	0	0	1	0	2	3	0	0	1	0	0	0	0	0	0	0	0	0	1	0	0	0	0	0	2	0	1	0	0	1	0	0	1	0	1	0	1	0	0	0	0	0	1	1	1	0	0	0	0	0	0	1	2	1	0	1	1	1	1	1	1	0	0	0	1	0	2	2	2	1	0	0	0	0	4	2	0	0	1	0	1	0	1	1	1	0	0	1	1	1	0	8	1	0	0	1	1	1	1	1	1	0	1	1	2	0	0	1	1	1	0	1	1	0	1	1	1	0	1	1	3	0	1	2	0	0	0	1	0	0	1	1	2	0	0	2	2	0	1	1	1	0	0	1	1	0	1	1	1	0	0	0	1	0	0	0	0	0	1	1	0	0	1	0	0	0	1	1	2	0	3	0	0	0	0	0	0	0	1	0	0	0	0	0	1	0	1	0	0	1	0	0	0	0	0	0	0	0	0	0	1	0	0	0	0	0	0	0	0	0	3	0	0	0	
5.hpgl
0	1	2	3	4	5	6	7	8	9	10	11	12	13	14	15	16	17	18	19	20	21	22	23	24	25	26	27	28	29	30	31	32	33	34	35	36	37	38	39	40	41	42	43	44	45	46	47	48	49	50	51	52	53	54	55	56	57	58	59	60	61	62	63	64	65	66	67	68	69	70	71	72	73	74	75	76	77	78	79	80	81	82	83	84	85	86	87	88	89	90	91	92	93	94	95	96	97	98	99	100	101	102	103	104	105	106	107	108	109	110	111	112	113	114	115	116	117	118	119	120	121	122	123	124	125	126	127	128	129	130	131	132	133	134	135	136	137	138	139	140	141	142	143	144	145	146	147	148	149	150	151	152	153	154	155	156	157	158	159	160	161	162	163	164	165	166	167	168	169	170	171	172	173	174	175	176	177	178	179	180	181	182	183	184	185	186	187	188	189	190	191	192	193	194	195	196	197	198	199	200	201	202	203	204	205	206	207	208	209	210	211	212	213	214	215	216	217	218	219	220	221	222	223	224	225	226	227	228	229	230	231	232	233	234	235	236	237	238	239	240	241	242	243	244	245	246	247	248	249	250	251	252	253	254	255	
0	0	0	0	0	0	0	0	0	0	1287	0	0	0	0	0	0	0	0	0	0	0	0	0	0	0	0	8	0	0	0	0	0	0	0	0	0	0	0	0	0	0	0	0	22382	10663	8	0	5676	11474	5567	4004	4205	3148	2819	2737	3721	2958	5	5523	0	0	0	0	2	1379	0	0	1378	0	0	0	0	2	1	1	0	1	1	0	5518	0	1378	1	0	1381	0	0	0	1	0	0	0	0	0	0	0	0	0	0	0	0	0	0	0	0	0	0	0	0	0	0	0	0	0	0	0	0	0	0	0	0	0	0	0	0	0	0	0	0	0	0	0	0	0	0	0	0	0	0	0	0	0	0	0	0	0	0	0	0	0	0	0	0	0	0	0	0	0	0	0	0	0	0	0	0	0	0	0	0	0	0	0	0	0	0	0	0	0	0	0	0	0	0	0	0	0	0	0	0	0	0	0	0	0	0	0	0	0	0	0	0	0	0	0	0	0	0	0	0	0	0	0	0	0	0	0	0	0	0	0	0	0	0	0	0	0	0	0	0	0	0	0	0	0	0	0	0	0	0	0	0	0	0	0	0	0	0	0	0	0	0	0	0	0	0	
6.ma
0	1	2	3	4	5	6	7	8	9	10	11	12	13	14	15	16	17	18	19	20	21	22	23	24	25	26	27	28	29	30	31	32	33	34	35	36	37	38	39	40	41	42	43	44	45	46	47	48	49	50	51	52	53	54	55	56	57	58	59	60	61	62	63	64	65	66	67	68	69	70	71	72	73	74	75	76	77	78	79	80	81	82	83	84	85	86	87	88	89	90	91	92	93	94	95	96	97	98	99	100	101	102	103	104	105	106	107	108	109	110	111	112	113	114	115	116	117	118	119	120	121	122	123	124	125	126	127	128	129	130	131	132	133	134	135	136	137	138	139	140	141	142	143	144	145	146	147	148	149	150	151	152	153	154	155	156	157	158	159	160	161	162	163	164	165	166	167	168	169	170	171	172	173	174	175	176	177	178	179	180	181	182	183	184	185	186	187	188	189	190	191	192	193	194	195	196	197	198	199	200	201	202	203	204	205	206	207	208	209	210	211	212	213	214	215	216	217	218	219	220	221	222	223	224	225	226	227	228	229	230	231	232	233	234	235	236	237	238	239	240	241	242	243	244	245	246	247	248	249	250	251	252	253	254	255	
0	0	0	0	0	0	1	0	0	41	16411	0	0	0	0	0	0	0	0	0	0	0	0	3	2	0	0	0	0	0	0	0	36035	9	98	0	0	105	0	17	187	187	90	172	3343	1170	16852	35	14048	10832	10316	9737	9510	9840	9630	9120	8679	8657	198	587	23	257	53	0	0	243	27	50	16	34	839	172	22	65	1	13	3138	472	56	32	2252	0	22	123	61	39	2	15	2	11	1	543	22	543	89	7	2	1709	178	1009	368	2899	513	301	621	1330	11	77	601	1749	1377	1794	3282	17	2504	2833	2917	717	401	1522	383	182	14	728	0	728	0	0	0	0	0	0	0	0	0	0	0	0	0	0	0	0	0	0	0	0	0	0	0	0	0	0	0	0	0	0	0	0	0	0	0	0	0	0	0	0	0	0	0	0	0	0	0	0	0	0	0	0	0	0	0	0	0	0	0	0	0	0	0	0	0	0	0	0	0	0	0	0	0	0	0	0	0	0	0	0	0	0	0	0	0	0	0	0	0	0	0	0	0	0	0	0	0	0	0	0	0	0	0	0	0	0	0	0	0	0	0	0	0	0	0	0	0	0	0	0	0	0	0	0	0	0	0	0	0	0	
7.pdf
0	1	2	3	4	5	6	7	8	9	10	11	12	13	14	15	16	17	18	19	20	21	22	23	24	25	26	27	28	29	30	31	32	33	34	35	36	37	38	39	40	41	42	43	44	45	46	47	48	49	50	51	52	53	54	55	56	57	58	59	60	61	62	63	64	65	66	67	68	69	70	71	72	73	74	75	76	77	78	79	80	81	82	83	84	85	86	87	88	89	90	91	92	93	94	95	96	97	98	99	100	101	102	103	104	105	106	107	108	109	110	111	112	113	114	115	116	117	118	119	120	121	122	123	124	125	126	127	128	129	130	131	132	133	134	135	136	137	138	139	140	141	142	143	144	145	146	147	148	149	150	151	152	153	154	155	156	157	158	159	160	161	162	163	164	165	166	167	168	169	170	171	172	173	174	175	176	177	178	179	180	181	182	183	184	185	186	187	188	189	190	191	192	193	194	195	196	197	198	199	200	201	202	203	204	205	206	207	208	209	210	211	212	213	214	215	216	217	218	219	220	221	222	223	224	225	226	227	228	229	230	231	232	233	234	235	236	237	238	239	240	241	242	243	244	245	246	247	248	249	250	251	252	253	254	255	
0	0	0	0	0	0	0	0	0	0	12	0	0	2578	0	0	0	0	0	0	0	0	0	0	0	0	0	0	0	0	0	0	4111	1212	1241	1254	1313	1402	1222	1304	1217	1317	1179	1476	1326	1352	1467	1854	3650	1999	2335	2233	2532	2343	2342	2052	1831	1777	1356	1222	1407	1258	1484	1164	1215	1335	1326	1382	1461	1488	1632	1206	1211	1235	1185	1256	1268	1296	1296	1257	1279	1162	1307	1241	1307	1272	1143	1246	1241	1223	1274	1163	1310	1269	1157	1225	1294	1540	1384	1407	1513	1800	1297	1328	1351	1604	1455	1231	1438	1325	1743	1662	1306	1192	1489	1342	1414	1043	26	5	40	71	4	0	0	0	8	0	0	0	0	0	0	0	0	0	0	0	0	0	0	0	0	0	0	0	0	0	0	0	0	0	0	0	0	0	0	0	0	0	0	0	0	0	0	0	0	0	0	0	0	0	0	0	0	0	0	0	0	0	0	0	0	0	0	0	0	0	0	0	0	0	0	0	0	0	0	0	0	0	0	0	0	0	0	0	0	0	0	0	0	0	0	0	0	0	0	0	0	0	0	0	0	0	0	0	0	0	0	0	0	0	0	0	0	0	0	0	0	0	0	0	0	0	0	0	0	0	0	0	0	0	0	0	0	0	
8.sgml
0	1	2	3	4	5	6	7	8	9	10	11	12	13	14	15	16	17	18	19	20	21	22	23	24	25	26	27	28	29	30	31	32	33	34	35	36	37	38	39	40	41	42	43	44	45	46	47	48	49	50	51	52	53	54	55	56	57	58	59	60	61	62	63	64	65	66	67	68	69	70	71	72	73	74	75	76	77	78	79	80	81	82	83	84	85	86	87	88	89	90	91	92	93	94	95	96	97	98	99	100	101	102	103	104	105	106	107	108	109	110	111	112	113	114	115	116	117	118	119	120	121	122	123	124	125	126	127	128	129	130	131	132	133	134	135	136	137	138	139	140	141	142	143	144	145	146	147	148	149	150	151	152	153	154	155	156	157	158	159	160	161	162	163	164	165	166	167	168	169	170	171	172	173	174	175	176	177	178	179	180	181	182	183	184	185	186	187	188	189	190	191	192	193	194	195	196	197	198	199	200	201	202	203	204	205	206	207	208	209	210	211	212	213	214	215	216	217	218	219	220	221	222	223	224	225	226	227	228	229	230	231	232	233	234	235	236	237	238	239	240	241	242	243	244	245	246	247	248	249	250	251	252	253	254	255	
0	0	0	0	0	0	0	0	0	0	132	0	0	0	0	0	0	0	0	0	0	0	0	0	0	0	0	0	0	0	0	0	1981	4	130	0	0	0	4	28	22	22	0	0	112	52	311	616	28	15	35	83	37	24	23	2	2	6	99	14	459	60	462	2	5	181	47	27	118	127	60	73	167	163	8	9	149	138	48	26	156	15	95	116	119	33	58	54	5	16	0	1	0	1	0	0	2	885	224	465	399	1313	223	226	519	792	19	71	543	341	777	950	314	18	713	703	1085	358	100	279	46	177	3	0	0	0	2	0	0	0	0	0	0	0	0	0	0	0	0	0	0	0	0	0	0	0	0	0	0	0	0	0	0	0	0	0	0	0	0	0	0	0	0	0	0	0	0	0	0	0	0	0	0	0	0	0	0	0	0	0	0	0	0	0	0	0	0	0	0	0	0	0	0	0	0	0	0	0	0	0	0	0	0	0	0	0	0	0	0	0	0	0	0	0	0	0	0	0	0	0	0	0	0	0	0	0	0	0	0	0	0	0	0	0	0	0	0	0	0	0	0	0	0	0	0	0	0	0	0	0	0	0	0	0	0	0	
9.htm
0	1	2	3	4	5	6	7	8	9	10	11	12	13	14	15	16	17	18	19	20	21	22	23	24	25	26	27	28	29	30	31	32	33	34	35	36	37	38	39	40	41	42	43	44	45	46	47	48	49	50	51	52	53	54	55	56	57	58	59	60	61	62	63	64	65	66	67	68	69	70	71	72	73	74	75	76	77	78	79	80	81	82	83	84	85	86	87	88	89	90	91	92	93	94	95	96	97	98	99	100	101	102	103	104	105	106	107	108	109	110	111	112	113	114	115	116	117	118	119	120	121	122	123	124	125	126	127	128	129	130	131	132	133	134	135	136	137	138	139	140	141	142	143	144	145	146	147	148	149	150	151	152	153	154	155	156	157	158	159	160	161	162	163	164	165	166	167	168	169	170	171	172	173	174	175	176	177	178	179	180	181	182	183	184	185	186	187	188	189	190	191	192	193	194	195	196	197	198	199	200	201	202	203	204	205	206	207	208	209	210	211	212	213	214	215	216	217	218	219	220	221	222	223	224	225	226	227	228	229	230	231	232	233	234	235	236	237	238	239	240	241	242	243	244	245	246	247	248	249	250	251	252	253	254	255	
0	0	0	0	0	0	0	0	0	2	5702	0	0	5702	0	0	0	0	0	0	0	0	0	0	0	0	0	0	0	0	0	0	25204	0	4294	14	0	5788	12684	50	216	216	5	199	1855	2862	6661	13826	11469	9993	13817	2633	2431	4846	3176	2515	2595	3459	560	40	18121	21322	18115	1470	0	2367	1213	413	11593	805	9058	1644	1708	1991	720	93	2222	1016	1941	5169	7274	1020	5922	5339	19611	386	61	280	41	31	19	28	0	28	0	455	2	21580	3324	10874	4424	28481	10792	8469	11040	12769	23	834	19469	5263	16358	8580	6927	127	15486	8154	23849	6070	1339	593	183	4019	119	0	0	0	0	0	0	0	0	0	0	0	0	0	0	0	0	0	0	0	0	0	0	0	0	0	0	0	0	0	0	0	0	0	0	0	0	0	0	0	0	0	0	0	0	0	0	0	0	0	0	0	0	0	0	0	0	0	0	0	0	0	0	0	0	0	0	0	0	0	0	0	0	0	0	0	0	0	0	0	0	0	0	0	0	0	0	0	0	0	0	0	0	0	0	0	0	0	0	0	0	0	0	0	0	0	0	0	0	0	0	0	0	0	0	0	0	0	0	0	0	0	0	0	0	0	0	0	0	0	0	0	0	0	
